trial,first_frame_id,last_frame_id,start_s,end_s,C,sample_count
5,1656257,1656459,-19.88306103656086,-19.59412255718914,-0.07021467425187074,203
5,1657379,1657583,-18.28607080218586,-17.994285398986015,-0.017354555398957465,205
5,1658200,1658300,-17.11750634906086,-16.973748777892265,0.025233724486542826,101
5,1658302,1658437,-16.972325440857734,-16.778750731017265,0.025233724486542826,136
5,1659075,1659137,-15.87208154437336,-15.782410887267265,-1.0,63
5,1659268,1659482,-15.59737646624836,-15.291357664611015,0.10894353374654724,215
5,1659485,1659499,-15.288510987732735,-15.267160887267265,0.10894353374654724,15
5,1660414,1660564,-13.966225831482735,-13.751301023986015,0.20356851495345515,151
5,1660611,1660660,-13.68582714984211,-13.61466015484539,-1.0,50
5,1661161,1661260,-12.90298877093586,-12.760654539611014,-0.07723543836870075,100
5,1661262,1661350,-12.759231202576485,-12.63255370953289,-0.07723543836870075,89
5,1661866,1662023,-11.89953222796711,-11.67464404156414,-0.22792868660384139,158
5,1662429,1662440,-11.098190186951484,-11.081110106017265,-1.0,12
5,1662442,1662480,-11.079686768982736,-11.024176512267266,-1.0,39
5,1662557,1662723,-10.91600244281086,-10.67830419781414,-0.08218037874370684,167
5,1663140,1663228,-10.086193604920235,-9.95951611187664,-1.0,89
5,1663249,1663499,-9.93104931781086,-9.573790281798516,0.42751694038864413,251
5,1663575,1663635,-9.46703955218586,-9.38021581890789,-1.0,61
5,1664403,1664609,-8.288511964295235,-7.99387988140789,0.014855698197119935,207
5,1665447,1665651,-6.802542237732735,-6.51075683453289,0.3061446087069835,205
5,1665968,1665989,-6.060980714295235,-6.02966699078289,-1.0,22
5,1665991,1666020,-6.02824365374836,-5.98554345562664,-1.0,30
5,1666205,1666245,-5.72364843890461,-5.66529150250164,-1.0,41
5,1666471,1666712,-5.345039308045235,-5.00059033062664,-0.31368317922538974,242
5,1667185,1667434,-4.328772706482735,-3.97293701031414,0.09358744977301692,250
5,1668097,1668281,-3.03068408343586,-2.76736572125164,0.2604238074819878,185
5,1669172,1669349,-1.50059082171711,-1.24723583843914,0.0,178
5,1669769,1669837,-0.6508552260139849,-0.55264452984539,-1.0,69
5,1670029,1670227,-0.2807861342171099,0.002458985779609928,-0.4747544808440983,199
5,1670650,1670690,0.603109617736015,0.66146679827961,-1.0,41
5,1670889,1671164,0.94328857281414,1.336131104920235,0.14040291718352424,276
5,1671292,1671337,1.516895750548515,1.582369386170235,-1.0,46
5,1671968,1672089,2.47907519390789,2.65272314593586,-0.04151401926621279,122
5,1672091,1672122,2.6541464829703902,2.69969336077961,-0.04151401926621279,32
5,1673013,1673104,3.96646826031414,4.097415772888985,-0.15124873234470032,92
5,1673107,1673245,4.100262449767265,4.298107179138985,-0.15124873234470032,139
5,1673609,1673652,4.814780516173515,4.87740771624836,-1.0,44
5,1673781,1674009,5.059595457579765,5.38554101702961,0.04373500722989012,229
5,1674411,1674522,5.95630126812664,6.11571582171711,0.22644944567865363,112
5,1674524,1674730,6.11713915875164,6.41177099749836,0.22644944567865363,207
5,1675468,1675711,7.460774656798515,7.808070069763985,0.1981231961889945,244
5,1676234,1676542,8.551054930236015,8.990867921326485,0.2555155277449347,309
5,1676838,1676888,9.41075390484539,9.483344483826485,-1.0,51
5,1677027,1677269,9.679765867736014,10.025637940857735,0.25922109074222416,243
5,1677271,1677359,10.027061277892265,10.15373877093586,0.25922109074222416,89
5,1677610,1677682,10.509574461486014,10.613478517029609,-1.0,73
5,1677835,1677841,10.82982665875164,10.83979004046711,0.2887103050067434,7
5,1677843,1677853,10.84121337750164,10.85687011859211,0.2887103050067434,11
5,1677855,1678136,10.85829345562664,11.259676026795235,0.2887103050067434,282
5,1678641,1678682,11.977040770079766,12.03682129046711,-1.0,42
5,1678727,1678946,12.09944824078289,12.412583741638985,-0.009842130413561453,220
5,1678948,1679031,12.414007078673515,12.53356787249836,-0.009842130413561453,84
5,1679240,1679306,12.82962304547039,12.924987061951486,-1.0,67
5,1679418,1679633,13.08297802593914,13.390420167420235,0.27893061579437234,216
5,1679635,1679646,13.391843504454766,13.408923585388985,0.27893061579437234,12
5,1679648,1679703,13.410346922423516,13.490053956482734,0.27893061579437234,56
5,1679717,1679773,13.50855761578289,13.58968798968586,-1.0,57
5,1680235,1680467,14.245848875548514,14.57748779437336,0.008173428174898459,233
5,1681320,1681413,15.79017577984539,15.923969972107734,-0.25762942741985706,94
5,1681415,1681604,15.925393309142265,16.195828370545236,-0.25762942741985706,190
5,1681809,1681854,16.48619042828289,16.55166406390461,-1.0,46
5,1682339,1682530,17.24056201031414,17.51384375140461,0.15753576984964746,192
5,1682847,1682887,17.96362011578289,18.02197705218586,-1.0,41
5,1683222,1683378,18.49737353375164,18.72083838031086,0.028671431885080492,157
5,1683889,1683938,19.44674316265789,19.51791015765461,-1.0,50
6,1702256,1702599,-19.462722413513983,-18.973092527892266,0.09251421873856647,344
6,1703094,1703134,-18.26996142718586,-18.211604246642263,-1.0,41
6,1703479,1703557,-17.721974366638985,-17.60953027203289,0.17875453256750537,79
6,1703559,1703821,-17.60810693499836,-17.233767820861015,0.17875453256750537,263
6,1704282,1704869,-16.57903027484211,-15.742104734923515,0.18534987589165064,588
6,1705775,1706055,-14.453979737732736,-14.054020262267265,-0.19813121107758108,281
6,1706173,1706245,-13.88748925921711,-13.783585203673516,-1.0,73
6,1706653,1706918,-13.204284913513986,-12.82567577984539,-0.0005048307911405107,266
6,1706920,1707003,-12.824252198670235,-12.704691648986016,-0.0005048307911405107,84
6,1707541,1708039,-11.94035644671711,-11.230108641173516,0.22314642554090175,499
6,1708425,1709101,-10.68212158343586,-9.71851855328289,0.16154113314401966,677
6,1709390,1709431,-9.308595948670234,-9.248815672423515,-1.0,42
6,1709536,1709597,-9.100787843201484,-9.012540770079765,-1.0,62
6,1709821,1709867,-8.69513525531086,-8.62823827984539,0.0,47
6,1709870,1710364,-8.62539160296711,-7.92083691265789,0.0,495
6,1710787,1710828,-7.320186280701485,-7.260406004454765,-1.0,42
6,1711583,1711651,-6.18720556781086,-6.088994871642265,-0.3559607871375707,69
6,1711653,1711949,-6.087571534607735,-5.66483886578289,-0.3559607871375707,297
6,1712655,1712831,-4.661382081482735,-4.409450438048515,0.05836035739948396,177
6,1712833,1712951,-4.408027101013985,-4.23864941265789,0.05836035739948396,119
6,1713216,1713260,-3.862886964295235,-3.798836668517265,-1.0,45
6,1713747,1713800,-3.107092042420235,-3.03023144390789,-1.0,54
6,1714206,1714256,-2.45377783343586,-2.381187254454765,-1.0,51
6,1714549,1714596,-1.9655712904671099,-1.897250731017265,-1.0,48
6,1715126,1715370,-1.144302491638985,-0.79558349468914,0.10755369514738572,245
6,1715935,1716151,0.007181639220390073,0.3160471205452349,0.21744424462478065,217
6,1716481,1716528,0.784326902892265,0.8526472182014849,-1.0,48
6,1717559,1717739,2.318690184142265,2.576315186951485,0.19538851111313416,181
6,1718843,1719036,4.14626220562664,4.42239062640461,-0.1387838184588663,194
6,1719508,1719559,5.092784910704765,5.16679882952961,-1.0,52
6,1719675,1719898,5.330483152892265,5.64931201312336,-0.2761257018808868,224
6,1720866,1720995,7.025684324767265,7.21071875140461,-0.007119184429200555,130
6,1721681,1721726,8.18570849468914,8.251182374451485,0.10220069261603965,46
6,1721728,1721871,8.252605711486016,8.457567140076485,0.10220069261603965,144
6,1722585,1722746,9.472410398986016,9.702991944763985,0.03888521016187932,162
6,1723613,1723660,10.935606688048516,11.003927003357735,-1.0,48
6,1723706,1723884,11.06797753765789,11.32275586077961,-0.04849505054859553,179
6,1724470,1724519,12.15541113140789,12.226578370545235,-1.0,50
6,1724699,1724849,12.481356688048516,12.696281495545234,0.17759168090239194,151
6,1725493,1725613,13.61149072125164,13.78371533343586,-0.18556627655914923,121
6,1725899,1725944,14.189367918517265,14.254841554138984,-1.0,46
6,1726302,1726461,14.76297509625164,14.990709718201485,-0.20246112026001423,160
6,1726463,1726510,14.992133055236016,15.06045361468586,-0.20246112026001423,48
6,1727002,1727062,15.75931494000164,15.84613867327961,0.004627099115409013,61
6,1727064,1727175,15.84756201031414,16.006976563904608,0.004627099115409013,112
6,1727936,1728101,17.08871679547039,17.32499170062336,0.1839900662127572,166
6,1728730,1728830,18.218850828673514,18.362608643982735,-0.035935818677385135,101
6,1728832,1728896,18.364031981017266,18.456549073670235,-0.035935818677385135,65
6,1728898,1728908,18.457972410704766,18.47362939593586,-0.035935818677385135,11
6,1729287,1729418,19.01165283062664,19.199533936951486,0.041297664920820445,132
6,1729420,1729519,19.200957273986013,19.343291749451485,0.041297664920820445,100
7,1802139,1802209,-19.77598828265461,-19.674930906798515,-1.0,71
7,1802299,1802435,-19.54825341937336,-19.35325536968914,-0.049089591025799004,137
7,1802909,1803055,-18.680014405701485,-18.470782957579765,0.0566330078400224,147
7,1803287,1803327,-18.141990968201483,-18.08363378765789,-1.0,41
7,1803347,1803396,-18.05659033343586,-17.985423094298515,-1.0,50
7,1803572,1803852,-17.736338136170236,-17.33637890484539,0.08091534863322848,281
7,1803892,1803936,-17.28086865374836,-17.216818113829763,-1.0,45
7,1804582,1804732,-16.29876220843586,-16.08383740093914,-0.07031246308762859,151
7,1804735,1804783,-16.08099072406086,-16.011246824767266,-0.07031246308762859,49
7,1805248,1805337,-15.35081591937336,-15.222715086486016,-0.2683830960105086,90
7,1805339,1805455,-15.221291749451485,-15.05476074078289,-0.2683830960105086,117
7,1805655,1805697,-14.771515382263985,-14.710311766173515,-1.0,43
7,1805902,1805920,-14.419949952576484,-14.39290624859539,-0.0024582577378389936,19
7,1805922,1806060,-14.39148291156086,-14.193638426329764,-0.0024582577378389936,139
7,1806074,1806136,-14.175135011170235,-14.08546435406414,-1.0,63
7,1806757,1806907,-13.202991944763985,-12.988067137267265,0.021701705947158506,151
7,1807678,1807694,-11.89209326312336,-11.86789648297039,-0.026599155017162392,17
7,1807696,1807698,-11.86647314593586,-11.86220312359539,-0.026599155017162392,3
7,1807701,1807798,-11.85935644671711,-11.719868895079765,-0.026599155017162392,98
7,1808255,1808291,-11.070824464295235,-11.018160887267266,-0.4658045742287876,37
7,1808293,1808478,-11.016737550232735,-10.751995848204764,-0.4658045742287876,186
7,1809038,1809229,-9.95634716937336,-9.68306542828289,0.0,192
7,1809961,1810059,-8.64260205218586,-8.501691160704764,0.025755164594291474,99
7,1810061,1810125,-8.500267823670235,-8.40775048687664,0.025755164594291474,65
7,1810468,1810516,-7.92096728656086,-7.851223387267265,-1.0,49
7,1810582,1810650,-7.758706300232735,-7.66049560406414,-1.0,69
7,1810722,1810927,-7.559438233826485,-7.266229734923515,-0.3110849468580607,206
7,1811058,1811113,-7.081195069763985,-7.001488035704765,-1.0,56
7,1811387,1811436,-6.612915284607735,-6.541748289611015,-1.0,50
7,1811457,1811737,-6.513281495545235,-6.113322020079765,0.09481060579041649,281
7,1812567,1812812,-4.93337109515461,-4.583228758361015,0.12374073378027749,246
7,1813352,1813394,-3.816047120545235,-3.75484326031414,-1.0,43
7,1813452,1813647,-3.67371289202961,-3.394737547423515,0.03640226608666055,196
7,1814454,1814628,-2.24752343890461,-1.99843847515789,-0.016243723449838786,175
7,1814915,1814966,-1.5913625502327349,-1.5173486314078901,-1.0,52
7,1815041,1815094,-1.412021241638985,-1.3351608872672651,-1.0,54
7,1815359,1815399,-0.95939843890461,-0.901041258361015,0.03424981161050208,41
7,1815401,1815569,-0.899617921326485,-0.659072996642265,0.03424981161050208,169
7,1816141,1816383,0.15365551617351508,0.49952783343585994,0.12473359068874047,243
7,1816567,1816587,0.75999951031414,0.78988964984211,-1.0,21
7,1816589,1816609,0.79131298687664,0.821203370545235,-1.0,21
7,1817078,1817167,1.48732763531414,1.615428468201485,-0.10002093774635538,90
7,1817169,1817177,1.616851805236015,1.629661866638985,-0.10002093774635538,9
7,1817180,1817332,1.632508543517265,1.850280030701485,-0.10002093774635538,153
7,1818139,1818363,2.99749413922039,3.317746339295235,-0.05232942778715676,225
7,1818365,1818378,3.319169676329765,3.339096436951485,-0.05232942778715676,14
7,1818847,1818902,4.00522070172039,4.084927979920235,-1.0,56
7,1818925,1818962,4.116241453673515,4.17032861468586,0.10587334651947243,38
7,1818965,1819156,4.1731752915641405,4.44645703265461,0.10587334651947243,192
7,1819368,1819418,4.74678222515789,4.819372804138985,-1.0,51
7,1819667,1819920,5.17236181500164,5.5338908705452345,0.01870919170696601,254
7,1820580,1820831,6.47187353375164,6.830555909607735,0.004531093391396009,252
7,1820916,1820962,6.95011669781414,7.017013917420235,-1.0,47
7,1821217,1821260,7.37854296734539,7.44116992327961,-1.0,44
7,1821683,1821900,8.041820555236015,8.35210937640461,0.04695028137723045,218
7,1822389,1822436,9.046700438048514,9.11502099749836,0.07939931647249387,48
7,1822439,1822632,9.11786767437664,9.393996095154609,0.07939931647249387,194
7,1823520,1823571,10.65650097515789,10.730514893982734,-1.0,52
7,1823766,1823960,11.006643309142264,11.284195069763985,-0.09178400452212308,195
7,1824941,1825059,12.679071043517265,12.84844873187336,0.0610028629950919,119
7,1825603,1825658,13.621323729064141,13.701031007263985,-1.0,56
7,1825739,1825902,13.81489843609539,14.04832666156086,-0.11546331771901643,164
7,1826036,1826078,14.237631102111015,14.29883496234211,-1.0,43
7,1826557,1826653,14.979192625548515,15.11725683734211,-0.5453812673345597,97
7,1826655,1826760,15.11868017437664,15.269554444763985,-0.5453812673345597,106
7,1827431,1827627,16.223194090392266,16.503592530701486,-0.5943778396913093,197
7,1828104,1828311,17.181103758361015,17.477158936951486,-0.45572269177248614,208
7,1828429,1828447,17.643690184142265,17.670733643982736,-1.0,19
7,1828449,1828493,17.672156981017267,17.736207276795234,-1.0,45
7,1829126,1829245,18.635760008361014,18.80656103656086,-0.11993067031792436,120
7,1829942,1830083,19.79720751812664,19.99932226702961,-0.4121517282927961,142
8,1849489,1849546,-19.999713624451484,-19.91715966656414,-0.18244805356150012,58
8,1849617,1849667,-19.81752588031086,-19.744935301329765,-1.0,51
8,1851019,1851196,-17.821999268982736,-17.568644285704764,0.01623009409429115,178
8,1852034,1852159,-16.37730664202961,-16.19796533062664,0.09620160260217514,126
8,1852161,1852252,-16.19654199359211,-16.065594481017264,0.09620160260217514,92
8,1852941,1852990,-15.086334718201485,-15.015167723204765,-1.0,50
8,1853233,1853343,-14.67071875140461,-14.512727781798516,-0.23959478798129874,111
8,1853345,1853406,-14.511304444763985,-14.42305712750164,-0.23959478798129874,62
8,1854026,1854203,-13.542008058045235,-13.288653074767264,0.19907345115155733,178
8,1854245,1854299,-13.23029589984211,-13.15201220562664,-1.0,55
8,1855085,1855126,-12.034688233826484,-11.97490771343914,-0.02457495930593385,42
8,1855128,1855287,-11.97348437640461,-11.74574951031414,-0.02457495930593385,160
8,1855659,1855700,-11.21768945452961,-11.15790917828289,-1.0,42
8,1856090,1856136,-10.604228761170235,-10.537331785704765,-1.0,47
8,1856213,1856304,-10.42915771624836,-10.298210203673515,0.062474025939658555,92
8,1856306,1856499,-10.296786866638985,-10.02065820172039,0.062474025939658555,194
8,1857709,1857969,-8.29983691546711,-7.928344481017265,0.1730446099891459,261
8,1858229,1858270,-7.55969873187336,-7.49991845562664,-1.0,42
8,1858813,1859033,-6.72846679827961,-6.413907957579765,-0.08883644239792705,221
8,1859241,1859281,-6.119276124451485,-6.06091894390789,-1.0,41
8,1860025,1860066,-5.00337548968586,-4.943594969298515,-1.0,42
8,1860123,1860172,-4.863887940857735,-4.79272070172039,-1.0,50
8,1860242,1860456,-4.694510011170235,-4.388491453673515,0.1644836785421462,215
8,1861377,1861610,-3.07901611468586,-2.74595410015789,0.03880240649255129,234
8,1862548,1862754,-1.412281983826485,-1.11764990093914,-0.019435255963640312,207
8,1863468,1863691,-0.10280664202960993,0.2160219740608599,0.0,224
8,1864342,1864394,1.14119482281414,1.216632081482735,-1.0,53
8,1864618,1864809,1.534037352111015,1.8073190932014849,0.03409791681566649,192
8,1865121,1865165,2.249978758361015,2.314029054138985,-1.0,45
8,1865779,1865984,3.18653808453289,3.479746827576485,-0.31085681975905044,206
8,1866687,1866918,4.478933348204765,4.80914892718586,-0.22172043187986443,232
8,1867822,1868075,6.09442724468914,6.455956300232735,-0.7134682904725745,254
8,1868771,1868946,7.445179441954765,7.695687745545235,-0.10913697873004742,176
8,1869493,1869566,8.472832762267265,8.57816015765461,-1.0,74
8,1869855,1870041,8.988082762267265,9.254247804138984,-0.2191452209987604,187
8,1870990,1871107,10.60357665875164,10.77153125140461,-0.1259757074429641,118
8,1871109,1871141,10.77295458843914,10.81992480609211,-0.1259757074429641,33
8,1871508,1871574,11.34086816265789,11.436232179138985,-1.0,67
8,1872009,1872234,12.05396288922039,12.375638429138984,-0.018226098631723132,226
8,1873506,1873683,14.184706785704766,14.438061768982735,-0.21768580530887635,178
8,1874434,1874632,15.50556884625164,15.78881396624836,-0.3769708138116372,199
8,1875012,1875090,16.328260984923514,16.44070507952961,-1.0,79
8,1875280,1875281,16.70971679547039,16.71256347796711,-0.057658348347539266,2
8,1875283,1875494,16.71398681500164,17.01573535296711,-0.057658348347539266,212
8,1876314,1876394,18.18145312359539,18.296743897888984,-0.4463106932266658,81
8,1876396,1876535,18.298167234923515,18.49743505999836,-0.4463106932266658,140
8,1877230,1877424,19.48523486187664,19.76278662249836,-0.32234752385269977,195
9,1949880,1950016,-19.912921388123358,-19.71792333843914,0.2883445965433242,137
9,1950018,1950055,-19.71650000140461,-19.66241308453289,0.2883445965433242,38
9,1950692,1950899,-18.757167237732734,-18.46111181500164,0.10060743899719345,208
9,1950991,1951043,-18.331587647888984,-18.25615038922039,-1.0,53
9,1951451,1951662,-17.67685009906086,-17.375101316954765,-0.5857799971198151,212
9,1951985,1952133,-16.91678515765461,-16.70470702984539,-0.3707451430903676,149
9,1952250,1952309,-16.539599366638985,-16.45419872906414,-1.0,60
9,1952645,1952797,-15.977378907654609,-15.75960742047039,-0.5295287510860531,153
9,1953342,1953468,-14.98530908343586,-14.804544676329765,0.42167937934297245,127
9,1954182,1954317,-13.78970117327961,-13.596126707579765,0.06463070689308713,136
9,1954445,1954498,-13.415362061951486,-13.338501707579764,-1.0,54
9,1954878,1955025,-12.79905468890461,-12.588400145079765,0.26117592489518404,148
9,1955574,1955710,-11.80840820452961,-11.613410398986016,-0.41061714427048623,137
9,1955821,1955880,-11.456842530701485,-11.371442137267264,-1.0,60
9,1955945,1956003,-11.28034814593586,-11.196370848204765,-1.0,59
9,1956252,1956386,-10.843382081482735,-10.651230711486015,-0.08671286833282414,135
9,1957092,1957121,-9.647774171326486,-9.605073973204766,0.04269823563007433,30
9,1957123,1957216,-9.603650636170235,-9.469856199767266,0.04269823563007433,94
9,1957909,1958024,-8.484903077576485,-8.31979540875164,0.2706901398229622,116
9,1958397,1958516,-7.79031201312336,-7.61951074078289,0.32308232927440816,120
9,1959143,1959296,-6.728498292420235,-6.509303465392265,-0.11436008260778505,154
9,1959495,1959535,-6.227481690857735,-6.169124754454765,-1.0,41
9,1959693,1959767,-5.945659913513985,-5.83890917828289,-1.0,75
9,1959869,1959993,-5.695151612732735,-5.517233641173515,0.0,125
9,1960550,1960694,-4.7258552260139846,-4.519470457579765,0.001997288015365649,145
9,1961201,1961268,-3.79925927874836,-3.702471922423515,-0.4343048502679952,68
9,1961270,1961374,-3.701048585388985,-3.55159765484539,-0.4343048502679952,105
9,1961876,1962038,-2.83850293109211,-2.60649804547039,0.11761641744567816,163
9,1962099,1962149,-2.521097413513985,-2.448507078673515,-1.0,51
9,1962396,1962441,-2.0983647474983598,-2.032890867736015,-1.0,46
9,1962570,1962612,-1.8507031264046099,-1.789499266173515,-1.0,43
9,1962774,1962876,-1.560341065857735,-1.41373681500164,-0.05798769836941961,103
9,1963373,1963419,-0.7077590346077349,-0.6408618150016401,-1.0,47
9,1963467,1963562,-0.57396484515461,-0.4373237290641401,0.04827446814484137,96
9,1963791,1963832,-0.11280175921710993,-0.053021238829765074,-1.0,42
9,1964089,1964201,0.31135449078289007,0.4721921400764849,0.16868235144957905,113
9,1964690,1964807,1.1667834458610151,1.33473779437336,0.09411309606574705,118
9,1965228,1965288,1.932541746642265,2.019365479920235,-1.0,61
9,1965362,1965409,2.12326952984539,2.191590089295235,-1.0,48
9,1965473,1965598,2.28126074078289,2.4606018080452348,-0.016699539121723346,126
9,1965818,1965866,2.77231396343914,2.84205761859211,-1.0,49
9,1966168,1966313,3.27048388531414,3.478291749451485,0.05945690582558716,146
9,1966775,1967010,4.134452879454765,4.470361573670235,-0.37880823185144535,236
9,1967564,1967607,5.25747021343914,5.32009716937336,-1.0,44
9,1967629,1967790,5.34998730328289,5.58056884906086,0.17235507771355732,162
9,1967792,1967795,5.58199218609539,5.58768554827961,0.17235507771355732,4
9,1968478,1968685,6.55840527203289,6.854460694763985,0.18594956570590834,208
9,1969348,1969533,7.79671337750164,8.06145507952961,0.4395785353395524,186
9,1970324,1970482,9.185895750548514,9.412207276795234,0.3521715403066892,159
9,1970899,1971062,10.00431786968914,10.237746095154609,-0.1364482247294587,164
9,1971838,1971967,11.340836668517266,11.52587109515461,0.09736074831075486,130
9,1972581,1972758,12.398380125548515,12.651735108826484,-0.136760703815362,178
9,1972969,1973025,12.95063720562664,13.03176757952961,-1.0,57
9,1973345,1973475,13.48581396343914,13.67227197406086,0.24861570983483913,131
9,1973531,1973575,13.75055566265789,13.814606202576485,-1.0,45
9,1974202,1974260,14.70561865093914,14.789595948670234,-1.0,59
9,1974275,1974390,14.809522703673515,14.97463037249836,0.315070889115116,116
9,1974751,1974795,15.48703369000164,15.551084229920235,-1.0,45
9,1975001,1975014,15.842869383361014,15.862796143982735,-0.3811341180042472,14
9,1975016,1975105,15.864219481017265,15.99232031390461,-0.3811341180042472,90
9,1975107,1975206,15.99374365093914,16.13607812640461,-0.3811341180042472,100
9,1975868,1976084,17.076907469298515,17.38577295062336,0.09394537819538229,217
9,1976267,1976341,17.64482128765789,17.751572022888986,-1.0,75
9,1976865,1977023,18.495980223204764,18.72229150531086,0.06202453835068885,159
9,1977222,1977278,19.004113523986014,19.085243897888986,-1.0,57
9,1977709,1977839,19.69728124859539,19.88373925921711,0.16407503261236966,131
10,2000960,2001143,-19.18157861468586,-18.91968359234539,0.13066836041588767,184
10,2001355,2001399,-18.61935839984211,-18.555307859923516,-1.0,45
10,2001844,2002081,-17.92334375140461,-17.584588133361017,-0.46693859497204926,238
10,2002185,2002229,-17.43798388812336,-17.373933348204766,-1.0,45
10,2002344,2002388,-17.21167236468586,-17.14762206890789,-1.0,45
10,2002671,2002854,-16.74623925921711,-16.48434423687664,0.22299662681221136,184
10,2003795,2003948,-15.146402101013985,-14.92720751812664,-0.0531753272335484,154
10,2003950,2003980,-14.92578418109211,-14.881660398986016,-0.0531753272335484,31
10,2004831,2004936,-13.67181933734211,-13.52094482281414,0.0,106
10,2004938,2005015,-13.51952148577961,-13.408500731017265,0.0,78
10,2005752,2005802,-12.360920655701484,-12.28833007672039,-1.0,51
10,2005891,2006062,-12.163075929138985,-11.918260984923515,0.2692008817200773,172
10,2006947,2007137,-10.660026124451486,-10.388167723204765,-0.16919963311045985,191
10,2007986,2008084,-9.181173097107735,-9.04026220562664,-0.18979773691943164,99
10,2008086,2008295,-9.03883886859211,-8.73993701031414,-0.18979773691943164,210
10,2008997,2009051,-7.74217382952961,-7.663889891173515,-1.0,55
10,2009102,2009314,-7.59272265765461,-7.28955077984539,0.315538996369592,213
10,2009814,2009863,-6.57930273577961,-6.50813574078289,-1.0,50
10,2010537,2010714,-5.55022607562336,-5.29687109234539,0.2179552494735842,178
10,2011643,2011795,-3.976009034607735,-3.7582375474235152,-0.050554271702604826,153
10,2011931,2011946,-3.56608642718586,-3.54331298687664,-1.0,16
10,2011948,2011978,-3.54188964984211,-3.497765867736015,-1.0,31
10,2012569,2012816,-2.6579938978889848,-2.30500488140789,0.03718226541120189,248
10,2013355,2013411,-1.539246339295235,-1.458115965392265,-1.0,57
10,2013477,2013529,-1.36559863421711,-1.290161375548515,-1.0,53
10,2013811,2013879,-0.89020214984211,-0.791991453673515,0.1511084045991116,69
10,2013881,2013977,-0.790568116638985,-0.65250390484539,0.1511084045991116,97
10,2013979,2014028,-0.65108056781086,-0.57991357281414,0.1511084045991116,50
10,2014196,2014252,-0.3422153334358599,-0.2610847153922651,-1.0,57
10,2014459,2014501,0.032123777892265074,0.09332763812335994,-1.0,43
10,2014887,2014935,0.64131445172039,0.711058351013985,-1.0,49
10,2015047,2015228,0.8690493150016401,1.12809765765461,0.03459136324280722,182
10,2015376,2015427,1.33732910015789,1.41134277484211,-1.0,52
10,2016169,2016395,2.466039793517265,2.78913867327961,0.3165778601582532,227
10,2016398,2016406,2.79198535015789,2.80479541156086,0.3165778601582532,9
10,2016788,2016900,3.34708886578289,3.507926515076485,-1.0,113
10,2017221,2017453,3.963396238829765,4.29503515765461,0.27942992129596267,233
10,2018541,2018680,5.84220849468914,6.04147656390461,0.12898240856768753,140
10,2019639,2019808,7.405038816954765,7.647007081482735,0.16433628371639653,170
10,2020666,2020745,8.866811766173514,8.98067920062336,-1.0,80
10,2020836,2021023,9.108780027892266,9.376368409607736,-0.20649376518006918,188
10,2021668,2021713,10.29300097515789,10.358474854920235,-1.0,46
10,2022100,2022247,10.907885008361015,11.118539796326486,-0.21055408524636998,148
10,2022468,2022583,11.431675047423514,11.596782960388985,-0.45899476150366686,116
10,2022841,2022888,11.96258202984539,12.03090234515461,-1.0,48
10,2023032,2023095,12.23444042828289,12.325534425232735,-1.0,64
10,2023275,2023323,12.580312742736014,12.650056397888985,-1.0,49
10,2023440,2023566,12.815164305236015,12.99592871234211,-0.06663418288007149,127
10,2023865,2023930,13.420084715392266,13.51402539202961,-1.0,66
10,2024268,2024411,13.99369189312664,14.19865332171711,-0.41240159400076715,144
10,2024559,2024634,14.407884520079765,14.51605859515461,-1.0,76
10,2025275,2025319,15.42699804547039,15.49104834124836,-0.9561487409973058,45
10,2025321,2025403,15.49247167828289,15.610609132263985,-0.9561487409973058,83
10,2025884,2025898,16.293813719298516,16.315163819763985,-0.03527948548937768,15
10,2025900,2025998,16.316587156798516,16.45749804827961,-0.03527948548937768,99
10,2026557,2026626,17.25172314312664,17.351357179138986,-1.0,70
10,2026735,2026883,17.50507812359539,17.71715625140461,-0.41858335175378614,149
10,2027089,2027098,18.008941648986013,18.023175050232734,-1.0,10
10,2027100,2027146,18.024598387267265,18.091495362732736,-1.0,47
10,2027580,2027638,18.70780273297039,18.791780030701485,-1.0,59
10,2027843,2028060,19.082141844298516,19.39243066546711,-0.912006246063503,218
10,2028203,2028278,19.594545164611016,19.70271923968586,-1.0,76
11,2048293,2048451,-19.963500733826486,-19.73718945172039,0.6487658791761602,159
11,2048453,2048479,-19.73576611468586,-19.697335691954766,0.6487658791761602,27
11,2049064,2049257,-18.866103761170233,-18.58997509625164,0.5181117587129046,194
11,2049767,2049942,-17.86549365374836,-17.61498535015789,0.4760112793956593,176
11,2050700,2050892,-16.53751513812336,-16.26281005718914,0.1408773935274654,193
11,2050990,2051042,-16.12474560687336,-16.04930859234539,-1.0,53
11,2051446,2051490,-15.475701417420234,-15.411651121642265,-1.0,45
11,2051535,2051705,-15.34902392718586,-15.10563232281414,0.3872678719692838,171
11,2052198,2052365,-14.405347901795235,-14.166226316954765,-0.1452810821493294,168
11,2052634,2052693,-13.784770265076485,-13.699369871642265,-1.0,60
11,2052930,2053061,-13.36346093890461,-13.175579832579764,0.11937843822209294,132
11,2053774,2053901,-12.16215966937336,-11.979971922423514,0.07795713438277414,128
11,2053903,2053905,-11.978548585388985,-11.974278563048514,0.07795713438277414,3
11,2054407,2054465,-11.261183839295235,-11.17720654156414,-1.0,59
11,2054627,2054782,-10.948048585388985,-10.726007078673515,0.33863488623837856,156
11,2055437,2055568,-9.795140870545236,-9.60725976422039,0.35067969056865156,132
11,2055571,2055636,-9.60441308734211,-9.510472410704764,0.35067969056865156,66
11,2056084,2056131,-8.87423828265461,-8.805917723204765,-1.0,48
11,2056245,2056392,-8.64508007952961,-8.434425291564141,0.35238039598870896,148
11,2057004,2057047,-7.564762940857735,-7.502135984923515,-1.0,44
11,2057330,2057336,-7.100753175232735,-7.090789793517265,0.25707916836507716,7
11,2057338,2057481,-7.089366456482735,-6.88440527203289,0.25707916836507716,144
11,2058250,2058412,-5.791278077576485,-5.559273191954765,-0.19882715285748453,163
11,2058592,2058687,-5.304494874451485,-5.16785400250164,-1.0,96
11,2059299,2059374,-4.298191651795235,-4.19001757672039,-0.7370341619102903,76
11,2060679,2060882,-2.333978761170235,-2.043616941954765,-0.09815957401307078,204
11,2061477,2061491,-1.19815136859211,-1.17680126812664,0.0,15
11,2061493,2061639,-1.17537793109211,-0.9661464829703901,0.0,147
11,2061641,2061703,-0.96472314593586,-0.875052488829765,0.0,63
11,2062002,2062027,-0.45089648577960995,-0.41388940289226506,-1.0,26
11,2062029,2062074,-0.41246606585773493,-0.34699243023601506,-1.0,46
11,2062419,2062621,0.14263744976726508,0.4315759291389849,-0.7388881694720377,203
11,2063881,2064109,2.22356445172039,2.549510011170235,-0.028849183635431593,229
11,2064369,2064418,2.91815576031414,2.98932275531086,-1.0,50
11,2064554,2064751,3.18147411968914,3.46329589984211,0.6622216898970689,198
11,2065215,2065278,4.122303465392265,4.21339746234211,-1.0,64
11,2065630,2065703,4.71299072125164,4.818318116638985,-1.0,74
11,2065935,2066155,5.14711035015789,5.46166894671711,0.257469896151882,221
11,2066851,2067056,6.45089208843914,6.74410058734211,0.6880018977297649,206
11,2067570,2067648,7.47427538922039,7.586719483826485,-1.0,79
11,2067869,2068034,7.89985497906414,8.13612988421711,0.4736410959434386,166
11,2068036,2068083,8.13755322125164,8.20587353656086,0.4736410959434386,48
11,2068275,2068422,8.47773193218914,8.68838672015461,-1.0,148
11,2068516,2068571,8.820757566954764,8.90046484515461,-1.0,56
11,2068901,2068943,9.36874462750164,9.42994824359211,-1.0,43
11,2068959,2069029,9.45129833843914,9.552355714295235,-1.0,71
11,2069132,2069367,9.69753661968914,10.033445558045235,0.6037975911576029,236
11,2069436,2069487,10.13023290875164,10.204246583435859,-1.0,52
11,2069900,2069968,10.790663816954766,10.88887451312336,-1.0,69
11,2070064,2070266,11.024092039611014,11.313030518982735,0.6383160436965515,203
11,2070299,2070356,11.35857763531414,11.44113134906086,-1.0,58
11,2070873,2070924,12.17557617047039,12.249590089295236,-1.0,52
11,2071270,2071461,12.740643309142264,13.013925050232736,0.4703753241264161,192
11,2071846,2071899,13.56048876812664,13.63734912249836,-1.0,54
11,2072099,2072142,13.92059423687664,13.983221436951485,-1.0,44
11,2072668,2072774,14.730476316954766,14.88277392718586,-0.5582997516044654,107
11,2072853,2072897,14.993794676329765,15.05784521624836,-1.0,45
11,2072938,2073000,15.11477880718914,15.204449464295235,-1.0,63
11,2073734,2073774,16.247759520079764,16.30611670062336,-1.0,41
11,2073999,2074136,16.62494531109539,16.82136670062336,-0.36854774060294393,138
11,2074588,2074756,17.463294188048515,17.703839112732734,-0.34723012803292636,169
11,2075304,2075355,18.482407469298515,18.55642138812336,-1.0,52
11,2075659,2075709,18.987694090392264,19.06028466937336,-1.0,51
11,2075763,2075852,19.135721922423514,19.26382275531086,0.28096297965065853,90
11,2075854,2075880,19.26524609234539,19.30367627093586,0.28096297965065853,27
12,2149372,2149426,-19.87444873187336,-19.79616503765789,-1.0,55
12,2149524,2149591,-19.658100831482734,-19.56131347515789,-1.0,68
12,2149746,2149786,-19.34211865374836,-19.28376171734539,-1.0,41
12,2149941,2150037,-19.06456689593586,-18.926502684142264,-1.0,97
12,2150305,2150452,-18.54647021624836,-18.33581542828289,-0.08268817015001667,148
12,2150454,2150491,-18.33439209124836,-18.28030517437664,-0.08268817015001667,38
12,2150838,2150879,-17.78782861468586,-17.728048094298515,-1.0,42
12,2150917,2151040,-17.675384522888987,-17.498889891173516,-0.1289620686481461,124
12,2151043,2151132,-17.496043214295234,-17.36794238140789,-0.1289620686481461,90
12,2151134,2151172,-17.36651904437336,-17.31100878765789,-0.1289620686481461,39
12,2151632,2151636,-16.65769433734211,-16.65057763531414,0.20590605164373732,5
12,2151638,2151949,-16.64915429827961,-16.205071531798517,0.20590605164373732,312
12,2152203,2152256,-15.84496582171711,-15.768105223204765,-1.0,54
12,2152591,2152634,-15.292708741638984,-15.230081785704765,-1.0,44
12,2152808,2152818,-14.983843507263986,-14.968186766173515,-1.0,11
12,2152820,2152850,-14.966763429138984,-14.92263964703289,-1.0,31
12,2153137,2153188,-14.515563722107736,-14.44154980328289,-1.0,52
12,2153342,2153344,-14.223778565857735,-14.219508543517264,-0.20888910425260485,3
12,2153346,2153414,-14.218085206482735,-14.11987451031414,-0.20888910425260485,69
12,2153417,2153478,-14.11702783343586,-14.028780516173516,-0.20888910425260485,62
12,2154195,2154350,-13.009667237732735,-12.787625731017265,-0.4845229322852808,156
12,2154638,2154679,-12.37912646624836,-12.319345945861015,-1.0,42
12,2154746,2154797,-12.225405518982734,-12.15139160015789,-1.0,52
12,2155038,2155076,-11.809789308045236,-11.754279051329766,-0.6409357648524934,39
12,2155078,2155271,-11.752855714295235,-11.476727293517264,-0.6409357648524934,194
12,2155728,2155816,-10.827682862732734,-10.70100536968914,-0.04685664096229345,89
12,2155818,2155906,-10.69958203265461,-10.572904539611015,-0.04685664096229345,89
12,2156421,2156674,-9.841306397888985,-9.47977734234539,0.03281600103107974,254
12,2157532,2157580,-8.25997265765461,-8.19022900250164,0.056113456482215995,49
12,2157582,2157734,-8.18880566546711,-7.97103417828289,0.056113456482215995,153
12,2158296,2158512,-7.17253906390461,-6.863673582579765,0.05495184910300848,217
12,2158794,2158871,-6.46371435687336,-6.352693602111015,-1.0,78
12,2159194,2159247,-5.894377198670235,-5.817516844298515,-1.0,54
12,2159369,2159564,-5.645292237732735,-5.366317137267265,0.146794302474049,196
12,2160123,2160164,-4.572092042420235,-4.51231152203289,-1.0,42
12,2160205,2160529,-4.4553779310921096,-3.99279150250164,-0.5618936541800413,325
12,2160573,2160620,-3.931587647888985,-3.863267332579765,-1.0,48
12,2160728,2160777,-3.71096972796711,-3.639802488829765,-1.0,50
12,2161139,2161469,-3.125975831482735,-2.654849363829765,0.0932365737263221,331
12,2162013,2162303,-1.881974366638985,-1.46778173687664,0.16542087904535588,291
12,2162673,2162874,-0.942568116638985,-0.6550529771110151,0.0,202
12,2163652,2163934,0.4508842759391401,0.853690186951485,0.028818923060575145,283
12,2164507,2164810,1.66784228375164,2.100538331482735,0.11739421628251705,304
12,2165426,2165714,2.97589404156414,3.38724023577961,0.0011957663747007364,289
12,2166377,2166698,4.329492918517265,4.787809327576485,-0.172945261125001,322
12,2167217,2167473,5.525100828673515,5.89089990374836,0.07142217159478632,257
12,2168000,2168234,6.63957812359539,6.974063722107735,-0.16316069890948123,235
12,2168236,2168312,6.975487059142265,7.08508447406086,-0.16316069890948123,77
12,2168390,2168474,7.19468163922039,7.315665772888985,-1.0,85
12,2168692,2168746,7.62453124859539,7.702815186951485,-1.0,55
12,2168875,2169201,7.88500292828289,8.35043603656086,0.021679706481962026,327
12,2169267,2169313,8.442953367736015,8.509850343201485,-1.0,47
12,2170175,2170479,9.735348387267265,10.16946777484211,0.13319512150111407,305
12,2170979,2171035,10.87971581890789,10.960846436951485,-1.0,57
12,2172003,2172046,12.33721874859539,12.399845948670235,-1.0,44
12,2172704,2172746,13.33498193218914,13.396185792420235,-1.0,43
12,2173153,2173212,13.974062742736015,14.05946338031086,-1.0,60
12,2173475,2173528,14.432379148986016,14.50923974749836,-1.0,54
12,2173849,2173902,14.964709227111015,15.04156982562336,-1.0,54
12,2174312,2174353,15.623717039611016,15.683497315857736,-1.0,42
12,2174699,2174746,16.174550535704764,16.24287109515461,-1.0,48
12,2174881,2174991,16.433598875548515,16.59158984515461,-0.6225607830772241,111
12,2175263,2175311,16.97731591656414,17.04705957171711,-1.0,49
12,2175473,2175549,17.27621777203289,17.385815186951486,-1.0,77
12,2175581,2175871,17.429938719298516,17.844131593201485,-0.6198024208405809,291
12,2176291,2176343,18.440511961486013,18.51594922015461,-1.0,53
12,2176594,2176803,18.871784910704765,19.170686768982733,-0.26167486024643005,210
13,2202398,2202630,-18.84828125140461,-18.51664257672039,-0.16749444602234767,233
13,2202940,2202999,-18.07682959124836,-17.991428953673516,-1.0,60
13,2203033,2203073,-17.944458741638986,-17.88610156109539,-1.0,41
13,2203094,2203246,-17.85763476702961,-17.63986327984539,-0.11141041052952876,153
13,2203248,2203435,-17.63843994281086,-17.37085156109539,-0.11141041052952876,188
13,2204634,2204715,-15.665687257263984,-15.54897314312664,-1.0,82
13,2205305,2205574,-14.710624268982736,-14.32632177593914,0.01754924019795066,270
13,2205624,2205675,-14.256577882263985,-14.182564207579764,-1.0,52
13,2206730,2206801,-12.68236084124836,-12.57988036968914,-0.04672158924713608,72
13,2206803,2207007,-12.57845703265461,-12.286671629454766,-0.04672158924713608,205
13,2207121,2207163,-12.12583398577961,-12.064630125548515,-1.0,43
13,2207566,2207608,-11.492446534607735,-11.43124267437664,-1.0,43
13,2207784,2208038,-11.18215771624836,-10.819205320861014,0.0,255
13,2208430,2208462,-10.262678468201486,-10.21570800640789,-1.0,33
13,2208464,2208523,-10.21428466937336,-10.12888427593914,-1.0,60
13,2208676,2209063,-9.91253613421711,-9.36027929547039,-0.24653287909742966,388
13,2209866,2210261,-8.21875830218586,-7.65511474468914,-0.281360520804232,396
13,2210435,2210476,-7.40887646624836,-7.3490959458610154,-1.0,42
13,2211131,2211438,-6.41822998187336,-5.97984033062664,0.0345785753005345,308
13,2212425,2213089,-4.576424561951485,-3.629901609923515,0.04790118395932854,665
13,2213785,2213859,-2.640678468201485,-2.53392773297039,-1.0,75
13,2213957,2214004,-2.395863526795235,-2.327543211486015,-1.0,48
13,2215828,2215892,0.2672104478141401,0.3597277846077349,-1.0,65
13,2216358,2216474,1.02158202984539,1.18811328265461,-0.5444052062169921,117
13,2216476,2216640,1.18953661968914,1.42438818499836,-0.5444052062169921,165
13,2216896,2216990,1.787340574767265,1.92255810687336,-1.0,95
13,2218076,2218125,3.46688476422039,3.538052003357735,-1.0,50
13,2218158,2218357,3.583598875548515,3.868267335388985,-0.672868713842797,200
13,2218885,2219174,4.618368895079765,5.031138429138985,-0.10551955852819273,290
13,2219872,2219926,6.023208250548515,6.101491944763985,-1.0,55
13,2219982,2220221,6.17977587750164,6.521378175232735,-0.21905338851064102,240
13,2220559,2220611,7.001044676329765,7.076481690857735,-1.0,53
13,2220738,2220785,7.255822996642265,7.324143311951485,-1.0,48
13,2220981,2221006,7.60169531109539,7.63870214984211,0.04423853684847479,26
13,2221008,2221169,7.64012548687664,7.87070703265461,0.04423853684847479,162
13,2221172,2221440,7.8735537095328905,8.256432862732735,0.04423853684847479,269
13,2221710,2221754,8.63931201031414,8.70336230609211,-1.0,45
13,2222064,2222313,9.14317529156414,9.499010987732735,-0.1528476864998521,250
13,2223300,2223340,10.90242675640789,10.960783936951485,-1.0,41
13,2223342,2223351,10.962207273986015,10.976440675232736,-1.0,10
13,2223664,2223946,11.42052343609539,11.82332959124836,-0.3520641514549446,283
13,2224207,2224250,12.193398680236015,12.256025636170236,-1.0,44
13,2224826,2225014,13.07444775250164,13.34345947406086,-0.47490661252867533,189
13,2225260,2225311,13.692178465392265,13.766192140076486,-1.0,52
13,2225623,2225676,14.208851805236016,14.28571240374836,-1.0,54
13,2225720,2225781,14.34691601422039,14.435163331482736,-0.27593723666306585,62
13,2225783,2225962,14.436586668517265,14.692788331482735,-0.27593723666306585,180
13,2226096,2226230,14.88209277203289,15.07424414202961,-1.0,135
13,2226322,2226363,15.203768309142266,15.26354882952961,-1.0,42
13,2226477,2226523,15.424386473204764,15.491283448670234,-1.0,47
13,2227898,2228044,17.446956297423515,17.656187745545235,-0.09310654352594064,147
13,2228046,2228144,17.657611082579766,17.79852197406086,-0.09310654352594064,99
13,2228257,2228352,17.957936277892266,18.09457714984211,-1.0,96
13,2229407,2229691,19.594780516173515,20.0,-0.050518070619795345,285
14,2249782,2249796,-19.999613038513985,-19.978262938048516,-1.0,15
14,2249831,2249956,-19.92986914202961,-19.750528074767264,-1.0,126
14,2250225,2250267,-19.36907226702961,-19.307868406798516,-1.0,43
14,2250469,2250513,-19.021776612732737,-18.957726316954766,-1.0,45
14,2250743,2250963,-18.63178076312336,-18.317221922423514,0.029734746050729465,221
14,2251115,2251151,-18.10229736468586,-18.049633543517267,-1.0,37
14,2251153,2251166,-18.048210206482736,-18.028283445861014,-1.0,14
14,2251182,2251246,-18.006933351013984,-17.91441601422039,-1.0,65
14,2251477,2251769,-17.587047120545236,-17.17000781109539,-0.16875173625647577,293
14,2252070,2252110,-16.743005128357733,-16.68464794781414,-1.0,41
14,2252644,2252936,-15.92600634906086,-15.508967039611015,0.015600000238391334,293
14,2253089,2253151,-15.292618897888985,-15.20294824078289,-1.0,63
14,2253265,2253319,-15.042110597107735,-14.96382665875164,-1.0,55
14,2253586,2253635,-14.585217530701485,-14.514050535704765,-1.0,50
14,2253888,2254134,-14.15536816546711,-13.803802488829765,-0.054392437802149196,247
14,2254373,2254430,-13.46504687640461,-13.382493162657891,-1.0,58
14,2254749,2254851,-12.92987011859211,-12.783265867736015,0.05207251486848851,103
14,2254853,2254983,-12.781842530701486,-12.595384520079765,0.05207251486848851,131
14,2255225,2255285,-12.25235888812336,-12.16553515484539,-1.0,61
14,2255357,2255444,-12.064477784607735,-11.93922363140789,-1.0,88
14,2255446,2255455,-11.93780029437336,-11.92356689312664,-1.0,10
14,2255722,2255989,-11.544957765076486,-11.16350195172039,0.09180706400541411,268
14,2256520,2256843,-10.409130128357734,-9.94796728375164,0.1252588017141514,324
14,2256961,2257012,-9.78143603656086,-9.70742236187664,-1.0,52
14,2257357,2257404,-9.21779248187336,-9.149471922423515,-1.0,48
14,2257461,2257514,-9.069764893982734,-8.99290429547039,-1.0,54
14,2257680,2257802,-8.75805273577961,-8.582981688048514,0.05171775918114994,123
14,2257804,2257813,-8.581558351013985,-8.567324949767265,0.05171775918114994,10
14,2257815,2257985,-8.565901612732734,-8.322510008361014,0.05171775918114994,171
14,2258063,2258103,-8.21291259906086,-8.154555418517266,-1.0,41
14,2258128,2258168,-8.120395265076485,-8.062038328673514,-1.0,41
14,2258381,2258674,-7.76028955218586,-7.341826902892265,0.004609588667853799,294
14,2258913,2259017,-7.00307129046711,-6.853620359923515,-1.0,105
14,2259209,2259269,-6.581761964295235,-6.49493798687664,-1.0,61
14,2259282,2259351,-6.47785791156086,-6.378223875548515,-1.0,70
14,2259391,2259443,-6.32271338031086,-6.24727636578289,-1.0,53
14,2259891,2260190,-5.611042237732735,-5.184039305236015,0.18755430986223706,300
14,2260774,2261092,-4.354230714295235,-3.900184324767265,-0.016389584504964787,319
14,2261185,2261231,-3.76923681781086,-3.702339598204765,-1.0,47
14,2261436,2261508,-3.411977784607735,-3.30807372906414,-1.0,73
14,2261655,2261875,-3.10026562640461,-2.78570702984539,0.0663816548908175,221
14,2261878,2261941,-2.78286035296711,-2.691766356017265,0.0663816548908175,64
14,2262262,2262323,-2.236296632263985,-2.148049559142265,-1.0,62
14,2262381,2262722,-2.06691894671711,-1.58013574078289,-0.19287085064831677,342
14,2262844,2262892,-1.407911378357735,-1.33816747906414,-1.0,49
14,2262913,2262987,-1.30970068499836,-1.202949949767265,-1.0,75
14,2263027,2263374,-1.1474396986702349,-0.652116453673515,0.0,348
14,2263602,2263660,-0.3290175795296099,-0.24504028179851509,-1.0,59
14,2263675,2263741,-0.22511352679523491,-0.1297495103141401,0.1400054006560064,67
14,2263743,2264033,-0.1283261732796099,0.2858664564827349,0.1400054006560064,291
14,2264622,2264673,1.12279199078289,1.19680566546711,-1.0,52
14,2264735,2264775,1.283629637267265,1.34198681781086,-1.0,41
14,2264867,2264914,1.471510984923515,1.539831300232735,-1.0,48
14,2265094,2265153,1.7946096177360151,1.88001025531086,-1.0,60
14,2265374,2265520,2.19314550640789,2.40237695452961,-0.08517395966567647,147
14,2265522,2265738,2.40380029156414,2.712665772888985,-0.08517395966567647,217
14,2265779,2265878,2.769599363829765,2.91193359515461,-1.0,100
14,2265904,2265950,2.947517332579765,3.014414308045235,-1.0,47
14,2266615,2266664,3.959513914611015,4.030680909607735,-1.0,50
14,2267109,2267421,4.66264501812664,5.10815136859211,0.0731980137240185,313
14,2267802,2267867,5.64902148297039,5.742962159607735,-1.0,66
14,2267882,2268155,5.762888914611015,6.15288476702961,0.010213728096531744,274
14,2268300,2268349,6.35784619000164,6.429013429138985,-1.0,50
14,2268367,2268448,6.453210203673515,6.56992431781086,-1.0,82
14,2268684,2268770,6.90440966656414,7.028240479920235,-1.0,87
14,2268956,2269245,7.29155908062664,7.704328370545235,0.06343547493598219,290
14,2269624,2269689,8.242351805236016,8.33629248187336,-1.0,66
14,2270272,2270339,9.164677977111015,9.26146533343586,-1.0,68
14,2270616,2270841,9.654307859923515,9.975983155701485,0.18069520281614915,226
14,2270843,2270881,9.977406492736016,10.03291699359211,0.18069520281614915,39
14,2271087,2271129,10.32470214703289,10.385906007263985,-1.0,43
14,2271401,2271437,10.77163183453289,10.82429541156086,-1.0,37
14,2271439,2271489,10.82571874859539,10.898309327576484,-1.0,51
14,2271579,2271668,11.02498681500164,11.153087647888984,-1.0,90
14,2271938,2271991,11.53596679547039,11.612827393982736,-1.0,54
14,2272136,2272256,11.81778857281414,11.990013184998359,-1.0,121
14,2272300,2272351,12.05121679547039,12.125230714295235,-1.0,52
14,2272404,2272445,12.199244383361014,12.25902490374836,-1.0,42
14,2272571,2272616,12.436942625548514,12.50241650531086,-1.0,46
14,2272804,2273111,12.76858154156414,13.206970948670236,-0.4795932898169082,308
14,2273250,2273350,13.403392332579765,13.54714990374836,-1.0,101
14,2273433,2273478,13.663864012267265,13.72933789202961,-1.0,46
14,2273854,2273897,14.26309130718914,14.32571826312336,-1.0,44
14,2273983,2274327,14.446702391173515,14.937755616638984,-0.5749251862193723,345
14,2274598,2274656,15.322058348204765,15.406035401795235,-1.0,59
14,2275210,2275464,16.19314404156414,16.556096436951485,-0.2930513487847626,255
14,2275962,2276007,17.26349755718914,17.328971436951484,-1.0,46
14,2276134,2276443,17.50831249859539,17.94954882952961,0.07119424090808717,310
14,2276540,2276547,18.086189695861016,18.097576417420235,-1.0,8
14,2276549,2276581,18.098999754454766,18.145969972107736,-1.0,33
14,2276720,2276774,18.342391356017266,18.42067529437336,-1.0,55
14,2276776,2276802,18.42209863140789,18.460528809998358,-1.0,27
14,2276836,2276884,18.50749902203289,18.577242921326484,-1.0,49
14,2276977,2277229,18.70819042828289,19.068296143982735,0.1569059118315469,253
14,2277253,2277308,19.101032957579765,19.18074023577961,-1.0,56
14,2277608,2277658,19.606319578673514,19.67891015765461,-1.0,51
14,2277700,2277841,19.73726708843914,19.93938183734211,-1.0,142
15,2344166,2344428,-19.975840089295236,-19.60150097515789,0.8607316519566997,263
15,2344451,2344510,-19.57018750140461,-19.484786863829765,-1.0,60
15,2344560,2344657,-19.41504297015461,-19.275555418517264,-1.0,98
15,2344858,2345076,-18.990886964295235,-18.67917480328289,-0.04076068538978086,219
15,2345078,2345197,-18.67775146624836,-18.506950438048516,-0.04076068538978086,120
15,2345288,2345337,-18.37884961077961,-18.307682371642265,-1.0,50
15,2345374,2345428,-18.256442140076484,-18.17815820172039,-1.0,55
15,2345464,2345513,-18.12834130999836,-18.057174070861016,-1.0,50
15,2345687,2345978,-17.810935792420235,-17.39531982281414,0.45442102164831566,292
15,2346015,2346059,-17.34407959124836,-17.280029051329766,-1.0,45
15,2346222,2346299,-17.049447511170236,-16.93842675640789,-1.0,78
15,2346510,2346728,-16.63952490374836,-16.327812742736015,0.5533089479626765,219
15,2347004,2347074,-15.93639355609211,-15.83533642437664,-0.8705993255845204,71
15,2347160,2347284,-15.714352296326485,-15.536434324767265,-1.0,125
15,2347296,2347366,-15.520777589295236,-15.41972021343914,-1.0,71
15,2347383,2347450,-15.39694677874836,-15.300159422423516,-0.8857584700962713,68
15,2347471,2347525,-15.271692628357735,-15.19340869000164,-1.0,55
15,2347604,2347647,-15.082387940857735,-15.019760984923515,-1.0,44
15,2347740,2348101,-14.88881347796711,-14.37356347515789,0.0,362
15,2348235,2348282,-14.18425879046711,-14.11593847515789,-1.0,48
15,2348835,2348934,-13.330253175232736,-13.18791894390789,-1.0,100
15,2349048,2349106,-13.027081300232735,-12.94310400250164,-1.0,59
15,2349118,2349228,-12.92744726702961,-12.769456297423515,0.5716704638798888,111
15,2349230,2349309,-12.768032960388984,-12.65416552593914,0.5716704638798888,80
15,2349444,2349575,-12.46343750140461,-12.275556395079764,-0.9507073427901437,132
15,2349578,2349593,-12.272709718201485,-12.249936277892266,-0.9507073427901437,16
15,2349671,2349714,-12.14033886859211,-12.077711668517265,-1.0,44
15,2349848,2350111,-11.88840722796711,-11.512644773986015,0.2852378299834473,264
15,2350157,2350220,-11.44859423968586,-11.357500242736014,-0.8957450280605216,64
15,2350446,2350496,-11.037248292420236,-10.96465771343914,-1.0,51
15,2350805,2351002,-10.526268311951485,-10.24444628765789,0.625686764755131,198
15,2351004,2351056,-10.24302295062336,-10.16758593609539,0.625686764755131,53
15,2351076,2351141,-10.140542237732735,-10.046601805236016,-0.7311224716886144,66
15,2351273,2351329,-9.860143800232734,-9.779013426329765,-0.9170776868203403,57
15,2351375,2351453,-9.71496289202961,-9.602518797423516,-0.8359832584363431,79
15,2351518,2351587,-9.51142480609211,-9.41179101422039,-1.0,70
15,2351822,2351871,-9.078728761170234,-9.00756152203289,-1.0,50
15,2351910,2351968,-8.95347461077961,-8.869497313048514,-0.6453170169961405,59
15,2351998,2352041,-8.828220460388986,-8.76559326031414,-1.0,44
15,2352248,2352344,-8.47238476702961,-8.334320555236015,-0.8348412770556934,97
15,2352395,2352645,-8.26315332171711,-7.905894285704765,0.27800594435618153,251
15,2352835,2352890,-7.636882569763985,-7.557175535704765,-1.0,56
15,2352976,2353023,-7.43619140765461,-7.367870848204765,-1.0,48
15,2353158,2353251,-7.17714306781086,-7.04334863140789,-1.0,94
15,2353422,2353506,-6.80138037249836,-6.680396238829765,-1.0,85
15,2353617,2353910,-6.52382861468586,-6.105365965392265,-0.04232520271881211,294
15,2353943,2354032,-6.05981884906086,-5.931718016173515,-0.9505700890910376,90
15,2354534,2354583,-5.21862353656086,-5.147456297423515,-0.837189722414446,50
15,2354631,2354689,-5.080559327576485,-4.99658202984539,-1.0,59
15,2354929,2354934,-4.656403077576485,-4.6478630357047654,0.5476501862649453,6
15,2354936,2355171,-4.6464396986702345,-4.31053076031414,0.5476501862649453,236
15,2355173,2355187,-4.30910742327961,-4.28775732281414,0.5476501862649453,15
15,2355338,2355403,-4.07425586077961,-3.98031542828289,-1.0,66
15,2355518,2355568,-3.8180542006233598,-3.74546386578289,-1.0,51
15,2355701,2355931,-3.55758252093586,-3.22879052593914,0.8424086069204494,231
15,2356481,2356555,-2.447375245545235,-2.34062451031414,-1.0,75
15,2356578,2356846,-2.30931103656086,-1.926431883361015,0.7622359441398122,269
15,2356957,2357011,-1.7698642592171099,-1.691580320861015,-1.0,55
15,2357036,2357133,-1.657420167420235,-1.51793261578289,-1.0,98
15,2357243,2357306,-1.3627880873421099,-1.27169433453289,-0.6078776405487,64
15,2357547,2357746,-0.930092042420235,-0.6454235825797651,0.9732932940087786,200
15,2357963,2358013,-0.33798144671710995,-0.2653911118766401,-0.9315627927193818,51
15,2358569,2358618,0.5245642075797651,0.5957312025764849,-1.0,50
15,2358854,2359065,0.93021679547039,1.23196533343586,0.6701934360741318,212
15,2359140,2359182,1.337292723204765,1.39849658343586,-0.9261180650538147,43
15,2359221,2359275,1.45258349468914,1.530867433045235,-1.0,55
15,2359519,2359596,1.87673974468914,1.987760499451485,-1.0,78
15,2359758,2359815,2.21691845562664,2.299472413513985,-1.0,58
15,2359896,2359901,2.41333984234539,2.42187988421711,-1.0,6
15,2359903,2359955,2.42330322125164,2.498740479920235,-1.0,53
15,2359978,2360047,2.530053953673515,2.62968798968586,-1.0,70
15,2360115,2360455,2.725052000548515,3.21041162249836,0.17098747500011036,341
15,2360725,2360814,3.59329101422039,3.721391847107735,-0.8884900626079177,90
15,2360839,2360923,3.7555520005485152,3.87653613421711,-1.0,85
15,2361062,2361081,4.072957273986015,4.10142431781086,-1.0,20
15,2361084,2361130,4.10427099468914,4.17116797015461,-1.0,47
15,2361406,2361448,4.562587156798515,4.62379101702961,-1.0,43
15,2361465,2361512,4.64656445172039,4.714885011170235,-1.0,48
15,2361528,2361581,4.736235106017265,4.813095460388985,-1.0,54
15,2361740,2361787,5.037983641173515,5.10630420062336,-1.0,48
15,2361802,2362090,5.12623095562664,5.537576905701485,0.2464390917084232,289
15,2362149,2362313,5.62013085797039,5.85498242327961,-1.0,165
15,2362365,2362408,5.92757275250164,5.990199952576485,-1.0,44
15,2362424,2362489,6.011550047423515,6.10549072406086,-1.0,66
15,2362590,2362649,6.247824949767265,6.33322558734211,-0.9054583471770923,60
15,2362726,2362776,6.441399656798515,6.513989991638985,-0.9965253581964094,51
15,2363007,2363270,6.84135888531414,7.217121339295235,0.8018323048862572,264
15,2363292,2363438,7.247011473204765,7.456242921326485,-1.0,147
15,2363524,2363630,7.57722704937664,7.729524659607735,-1.0,107
15,2363763,2363806,7.917406004454765,7.980032960388985,-1.0,44
15,2364130,2364385,8.439772703673516,8.80414843890461,0.4580929033802084,256
15,2364508,2364558,8.977796141173515,9.05038672015461,-1.0,51
15,2364583,2364650,9.08454687359539,9.181334229920235,1.0,68
15,2364652,2365844,9.182757566954765,10.88080517718586,1.0,1193
15,2365846,2365873,10.88222851422039,10.922082276795235,1.0,28
15,2365875,2366016,10.923505613829764,11.12562011859211,1.0,142
15,2366180,2366247,11.35762499859539,11.454412354920235,-1.0,68
15,2366474,2366500,11.77608788922039,11.81451806781086,-1.0,27
15,2366502,2366550,11.81594140484539,11.885685304138985,-1.0,49
15,2367022,2367064,12.55607958843914,12.617283448670236,-1.0,43
15,2367113,2367165,12.685603758361015,12.76104101702961,-0.39171208234191385,53
15,2367615,2367673,13.400121824767265,13.48409912249836,-1.0,59
15,2367725,2367788,13.55668945172039,13.647783448670236,-1.0,64
15,2367927,2367970,13.84420458843914,13.906831788513985,-1.0,44
15,2368810,2368851,15.101016356017265,15.160796632263985,-1.0,42
15,2369028,2369083,15.411304930236016,15.49101220843586,-1.0,56
15,2369304,2369374,15.80414745953289,15.905204835388984,-1.0,71
15,2369750,2369864,16.438958250548517,16.602642823670234,-1.0,115
15,2370275,2370363,17.186213133361015,17.31289062640461,-1.0,89
15,2370641,2370726,17.70715673687664,17.829564210388984,-1.0,86
15,2371206,2371297,18.51134521343914,18.642292726013984,-1.0,92
15,2371370,2371415,18.74477343609539,18.810247315857733,-1.0,46
15,2371436,2371533,18.838714109923515,18.97820166156086,-0.8535927939468102,98
15,2371627,2371690,19.110572508361017,19.20166650531086,-1.0,64
15,2371902,2371991,19.50199169781414,19.630092530701486,-1.0,90
15,2372150,2372251,19.854980711486014,20.0,-1.0,102
16,2438053,2438148,-19.756468507263985,-19.61982763531414,0.12017990813161139,96
16,2438150,2438581,-19.61840429827961,-19.003520262267266,0.12017990813161139,432
16,2439400,2439462,-17.839225831482736,-17.74955517437664,-0.0951243078249169,63
16,2439464,2439694,-17.74813183734211,-17.41933984234539,-0.0951243078249169,231
16,2440403,2440527,-16.41161328265461,-16.23369531109539,-0.03136296895751775,125
16,2440529,2440625,-16.23227197406086,-16.094207762267263,-0.03136296895751775,97
16,2441758,2441978,-14.48298388812336,-14.168425047423515,-0.11525853590115495,221
16,2442471,2442522,-13.46814062640461,-13.394126707579765,-1.0,52
16,2442896,2443073,-12.863219972107736,-12.609864988829765,0.10117794766613784,178
16,2443644,2443727,-11.79855957171711,-11.678998777892264,-1.0,84
16,2443883,2444116,-11.45838086077961,-11.125318602111015,-0.09569572607043843,234
16,2444355,2444418,-10.78656298968586,-10.695468992736014,-1.0,64
16,2444637,2444688,-10.385180421326485,-10.31116650250164,0.20018560501734878,52
16,2444690,2444871,-10.30974316546711,-10.05069482281414,0.20018560501734878,182
16,2445093,2445140,-9.73613623187336,-9.667815672423515,-1.0,48
16,2445396,2445684,-9.30486328265461,-8.893517332579766,0.1034678232818435,289
16,2446164,2446473,-8.211736085388985,-7.77049999859539,0.11165656648483,310
16,2446475,2446492,-7.76907666156086,-7.74345654156414,0.11165656648483,18
16,2447009,2447061,-7.00901172015461,-6.933574461486015,0.0644879274264189,53
16,2447064,2447342,-6.930727784607735,-6.53361523297039,0.0644879274264189,279
16,2447605,2447655,-6.160699464295235,-6.08810888531414,-1.0,51
16,2447658,2447660,-6.08526220843586,-6.08099218609539,-1.0,3
16,2447732,2447783,-5.979934815857735,-5.905921141173515,-1.0,52
16,2447925,2447967,-5.705229737732735,-5.644026121642265,-1.0,43
16,2448013,2448099,-5.57997558734211,-5.456144773986015,-1.0,87
16,2448235,2448240,-5.2639934096077345,-5.255453367736015,0.11876360226317942,6
16,2448242,2448522,-5.254030030701485,-4.85407079937664,0.11876360226317942,281
16,2448887,2448956,-4.33597412249836,-4.236340086486015,-1.0,70
16,2449240,2449311,-3.83353418109211,-3.731053465392265,-1.0,72
16,2449346,2449422,-3.682659913513985,-3.57306249859539,-1.0,77
16,2449434,2449616,-3.5574057631233598,-3.29693408062664,-0.18396826578941058,183
16,2449618,2449621,-3.29551074359211,-3.28981738140789,-0.18396826578941058,4
16,2449623,2449714,-3.28839404437336,-3.15744628765789,-0.18396826578941058,92
16,2449781,2449823,-3.06350586077961,-3.002302000548515,-1.0,43
16,2449981,2450015,-2.778837159607735,-2.729020262267265,0.0,35
16,2450017,2450483,-2.727596925232735,-2.06289599468914,0.0,467
16,2450581,2450674,-1.92483154437336,-1.791037352111015,-1.0,94
16,2451144,2451163,-1.12348974749836,-1.09502294781414,-1.0,20
16,2451165,2451185,-1.09359961077961,-1.06370947125164,-1.0,21
16,2451221,2451506,-1.013892335388985,-0.60681640484539,0.04852552859513646,286
16,2451972,2452085,0.05503808453289007,0.21729907367023493,-0.39363785527171474,114
16,2452303,2452361,0.526164305236015,0.61014160296711,-1.0,59
16,2452843,2452884,1.29476952984539,1.35454980609211,-1.0,42
16,2452919,2452963,1.40294335797039,1.466993897888985,-1.0,45
16,2453173,2453362,1.7644724107047651,2.0349077162483598,-0.07869269931708259,190
16,2453724,2453773,2.5487343735953902,2.6199013685921098,-1.0,50
16,2454473,2454691,3.61481786968914,3.926530030701485,-0.016812053601829413,219
16,2454754,2454754,4.01477734234539,4.01620068499836,-1.0,1
16,2454756,2454794,4.01762402203289,4.07313427874836,-1.0,39
16,2454951,2455008,4.2951757798453905,4.37772949359211,-1.0,58
16,2455237,2455279,4.702251707579765,4.76345556781086,-1.0,43
16,2455323,2455359,4.82465917828289,4.87732275531086,0.03926287473292667,37
16,2455361,2455559,4.878746336486015,5.161991456482735,0.03926287473292667,199
16,2455593,2455640,5.208961668517265,5.27728222796711,-1.0,48
16,2456055,2456352,5.86654589703289,6.29070214984211,0.08134006935119295,298
16,2456713,2457093,6.80310546734539,7.34539892718586,0.12190424640778859,381
16,2457347,2457400,7.705504637267265,7.78236523577961,-1.0,54
16,2457402,2457404,7.78378857281414,7.78805859515461,-1.0,3
16,2457834,2458066,8.398672606017264,8.73031152484211,-0.2701702214675306,233
16,2458295,2458328,9.05483349468914,9.103227296326486,0.4894654736236923,34
16,2458331,2458912,9.106073973204765,9.934459229920234,0.4894654736236923,582
16,2458914,2459476,9.935882566954765,10.73722461077961,0.4894654736236923,563
16,2459528,2459668,10.80981494000164,11.01050634906086,-0.6849327646659924,141
16,2459697,2459772,11.05035986187664,11.158533936951486,-0.3351198970536683,76
16,2459867,2459927,11.29232812359539,11.379152101013984,-1.0,61
16,2460131,2460178,11.668090574767264,11.73641113421711,-1.0,48
16,2460375,2460429,12.01538622906414,12.093670167420235,-1.0,55
16,2460913,2460955,12.78114452984539,12.842348390076484,-1.0,43
16,2461618,2461662,13.784601316954765,13.848651612732734,-1.0,45
16,2462054,2462100,14.40517870953289,14.47207568499836,-1.0,47
16,2462502,2462556,15.042836180236016,15.121119874451486,-1.0,55
16,2463205,2463258,16.043446043517264,16.120306397888985,-1.0,54
16,2463731,2463779,16.792124266173516,16.861867921326485,-1.0,49
16,2463901,2463958,17.034092527892266,17.116646241638986,-1.0,58
16,2464075,2464132,17.281754148986014,17.364307862732733,-1.0,58
16,2464232,2464257,17.505218992736015,17.542225831482735,-1.0,26
16,2464260,2464310,17.545072508361017,17.617662843201487,-1.0,51
16,2464549,2464591,17.95641845562664,18.017622315857736,-1.0,43
16,2464658,2464750,18.111562742736016,18.243933839295234,-1.0,93
16,2464967,2465058,18.551375731017266,18.68232324359211,-1.0,92
16,2465185,2465235,18.86166454937664,18.93425488421711,-1.0,51
16,2465380,2465427,19.13921630718914,19.20753662249836,-1.0,48
16,2465489,2465557,19.294360594298514,19.39257129046711,-1.0,69
16,2465953,2465984,19.95479150250164,20.0,-1.0,32
17,2531769,2531823,-20.0,-19.92220458843914,-1.0,55
17,2531867,2531924,-19.861000733826486,-19.778447020079764,-1.0,58
17,2532234,2532479,-19.338634034607736,-18.98849169781414,-0.4839013769019927,246
17,2532995,2533052,-18.25547021624836,-18.17291650250164,0.609198117421037,58
17,2533054,2533299,-18.17149316546711,-17.821350828673516,0.609198117421037,246
17,2533713,2533771,-17.23351025531086,-17.149532957579765,-1.0,59
17,2533853,2534024,-17.03424218890461,-16.78942724468914,0.5841063526970648,172
17,2534597,2534827,-15.97527539202961,-15.646483152892266,0.8214896324993219,231
17,2535192,2535235,-15.128386476013985,-15.06575927593914,-1.0,44
17,2535354,2535417,-14.897804933045235,-14.80671093609539,0.30460466530488495,64
17,2535419,2535430,-14.80528759906086,-14.78820751812664,0.30460466530488495,12
17,2535432,2535675,-14.78678418109211,-14.439488523986014,0.30460466530488495,244
17,2536190,2536506,-13.707890382263985,-13.256690916564141,0.37985151692282526,317
17,2537223,2537404,-12.23757763812336,-11.978529051329765,0.036437258468019935,182
17,2537862,2538171,-11.32806152484211,-10.886825438048515,-0.272740270485617,310
17,2538666,2538876,-10.183694093201485,-9.883368895079766,0.0,211
17,2539013,2539063,-9.689794190857736,-9.61720361187664,-1.0,51
17,2539371,2539375,-9.180237550232736,-9.173120848204764,0.5522743501247888,5
17,2539377,2539564,-9.171697511170235,-8.904109129454765,0.5522743501247888,188
17,2539566,2539593,-8.902685792420234,-8.86283202984539,0.5522743501247888,28
17,2540064,2540113,-8.193861085388985,-8.12269384625164,-1.0,50
17,2540197,2540397,-8.004556397888985,-7.718464598204765,-0.32257362444020143,201
17,2541215,2541395,-6.55559375140461,-6.29796874859539,-0.7219784824352842,181
17,2541857,2541932,-5.64180761859211,-5.533633543517265,-0.007804625326179167,76
17,2541934,2542050,-5.532210206482735,-5.36567919781414,-0.007804625326179167,117
17,2542724,2542910,-4.40776953265461,-4.14160449078289,0.06169673070093417,187
17,2543196,2543237,-3.735951905701485,-3.6761713853141402,-1.0,42
17,2543473,2543679,-3.34168603656086,-3.047053953673515,0.5183792741326531,207
17,2543830,2543873,-2.8335527357796098,-2.770925535704765,-1.0,44
17,2544190,2544371,-2.321149171326485,-2.062100828673515,-1.0,182
17,2545033,2545100,-1.12127148577961,-1.024484129454765,-1.0,68
17,2545277,2545512,-0.773975831482735,-0.4380668931266401,-1.0,236
17,2545855,2546120,0.04871630718914007,0.42732544085773494,-0.23013558155223662,266
17,2546703,2546977,1.25571093609539,1.6471301283577349,-0.30346301763567846,275
17,2547463,2547625,2.33745117047039,2.56945605609211,-0.0631050107414337,163
17,2547736,2547784,2.726023680236015,2.79576757952961,-1.0,49
17,2548088,2548340,3.227040281798515,3.58714599749836,-0.0673128449891117,253
17,2548437,2548492,3.723786863829765,3.80349414202961,-1.0,56
17,2548863,2549047,4.33013085797039,4.593449464295235,0.3180183451276504,185
17,2549049,2549136,4.594872801329765,4.72012695452961,0.3180183451276504,88
17,2549275,2549328,4.916548094298515,4.99340869281086,-1.0,54
17,2549578,2549625,5.347821043517265,5.416141358826485,-1.0,48
17,2549786,2550066,5.643876219298515,6.04383545062336,0.5962056954815577,281
17,2550545,2551032,6.72419335797039,7.418784425232735,-0.008286466738204745,488
17,2551292,2551353,7.78743017437664,7.875677491638985,-1.0,62
17,2551369,2551412,7.897027586486015,7.95965478656086,-1.0,44
17,2551492,2551816,8.072098875548516,8.53468505999836,0.48100503856051596,325
17,2552136,2552606,8.98873144390789,9.659125733826485,-0.32263342412191565,471
17,2552608,2552658,9.660549070861014,9.73313964984211,-0.32263342412191565,51
17,2552694,2552792,9.78295654156414,9.92386767718586,-1.0,99
17,2552815,2552889,9.95518115093914,10.061931886170235,-0.7209765303433088,75
17,2552901,2552959,10.077588621642265,10.16156591937336,-1.0,59
17,2553004,2553117,10.22419286968914,10.386453858826485,1.0,114
17,2553151,2553206,10.43342431500164,10.51313134906086,-1.0,56
17,2553272,2553347,10.605648680236015,10.71382275531086,-1.0,76
17,2553550,2553609,11.00133788922039,11.086738526795235,-1.0,60
17,2553861,2553919,11.44399755718914,11.527974854920235,-1.0,59
17,2554036,2554091,11.69308251812664,11.772789796326485,-1.0,56
17,2554134,2554220,11.832570066954766,11.95640088031086,-1.0,87
17,2554240,2554285,11.98344433453289,12.048918214295234,-1.0,46
17,2555548,2555567,13.845176512267265,13.87364355609211,-1.0,20
17,2555569,2555596,13.87506689312664,13.91492041156086,-1.0,28
17,2555713,2555823,14.080028074767265,14.23801904437336,-1.0,111
17,2555862,2555930,14.292106199767264,14.39031689593586,-1.0,69
17,2556084,2556139,14.608088133361015,14.68779541156086,-1.0,56
17,2556501,2556595,15.20162206890789,15.336839601013985,-1.0,95
17,2556807,2556887,15.63716503765789,15.752455811951485,-1.0,81
17,2557563,2557636,16.71321191265789,16.818539308045235,-1.0,74
17,2558435,2558482,17.954366941954763,18.022687257263986,-1.0,48
17,2559170,2559216,19.000523680236014,19.06742089984211,-1.0,47
17,2559242,2559288,19.10300439312664,19.16990136859211,-1.0,47
17,2559855,2559871,19.975513426329766,19.999710206482735,-1.0,17
18,2618013,2618257,-19.75872461077961,-19.410005613829764,-0.13795802272024996,245
18,2618639,2618832,-18.867712159607734,-18.591583738829765,0.20393297320982043,194
18,2619005,2619023,-18.346768800232734,-18.31972509625164,-1.0,19
18,2619025,2619095,-18.31830175921711,-18.217244383361017,-1.0,71
18,2619390,2619605,-17.79878173968586,-17.49133984234539,0.18278125444144255,216
18,2620197,2620428,-16.650144288513985,-16.31992870953289,-0.0944902622920352,232
18,2621746,2621988,-14.445386476013985,-14.09951415875164,0.23815310339292972,243
18,2621990,2621990,-14.09809082171711,-14.09666747906414,0.23815310339292972,1
18,2622920,2623003,-12.774382081482734,-12.654821531798515,-1.0,84
18,2623120,2623295,-12.489713624451484,-12.239205320861014,0.0,176
18,2623562,2623622,-11.86059619281086,-11.773772215392265,-1.0,61
18,2624575,2624626,-10.41875000140461,-10.34473632672039,-1.0,52
18,2624761,2624961,-10.15400830218586,-9.86791650250164,-0.038200184203714994,201
18,2625108,2625158,-9.66010839984211,-9.58751806500164,-1.0,51
18,2625452,2625626,-9.17047851702961,-8.92139355328289,0.26599100912298684,175
18,2626197,2626438,-8.11008838031086,-7.765639402892265,0.02794596482050018,242
18,2627081,2627127,-6.8518535170296095,-6.784956297423515,-1.0,47
18,2627225,2627276,-6.64689209124836,-6.572878172423515,-1.0,52
18,2627698,2627893,-5.97365088031086,-5.69467577984539,-0.2283509493122397,196
18,2628427,2628472,-4.93603418109211,-4.87056054547039,-1.0,46
18,2628685,2628937,-4.5688117689827346,-4.20870605328289,0.06603379101764614,253
18,2629121,2629178,-3.94823437640461,-3.865680418517265,-1.0,58
18,2629407,2629580,-3.541158448670235,-3.293496824767265,-0.09798005287872752,174
18,2630090,2630343,-2.569015382263985,-2.20748632672039,-0.07636700360976464,254
18,2630777,2630893,-1.591178956482735,-1.42464794781414,0.3939389692519729,117
18,2630895,2630975,-1.42322461077961,-1.3079338364860151,0.3939389692519729,81
18,2631421,2631487,-0.67454638812336,-0.579182371642265,0.053420123650860976,67
18,2631489,2631645,-0.5777590346077349,-0.3542941880485151,0.053420123650860976,157
18,2631647,2631681,-0.3528708510139849,-0.30305395367351506,0.053420123650860976,35
18,2632296,2632627,0.5708784165641401,1.0434282240608599,-0.1009225974176988,332
18,2633209,2633415,1.870390379454765,2.165022218201485,-0.012199648528348782,207
18,2633573,2633620,2.388487059142265,2.45680761859211,-1.0,48
18,2633976,2634022,2.96209423687664,3.02899121234211,-1.0,47
18,2634074,2634278,3.101581785704765,3.393366944763985,0.10226203440213091,205
18,2634991,2635242,4.406786863829765,4.76546923968586,0.18619302182700392,252
18,2635792,2635842,5.546884520079765,5.619474854920235,-1.0,51
18,2635856,2636082,5.637978270079765,5.96107714984211,0.24636226351613466,227
18,2636848,2637098,7.049934324767265,7.40719336077961,-0.12059608342117326,251
18,2637592,2637640,8.108901121642266,8.17864502093586,-1.0,49
18,2637731,2637936,8.306745848204764,8.599954347107735,0.010221758362223282,206
18,2637973,2637999,8.65119482281414,8.68962500140461,-1.0,27
18,2638001,2638040,8.69104833843914,8.747982179138985,-1.0,40
18,2638057,2638098,8.770755613829765,8.830535890076485,-1.0,42
18,2638284,2638597,9.093854246642264,9.540783936951485,0.36054882745153605,314
18,2638600,2639037,9.543630613829764,10.16705468890461,0.36054882745153605,438
18,2639061,2639178,10.19979150250164,10.36774609515461,-0.15891670336301628,118
18,2639180,2639183,10.36916943218914,10.37486279437336,-0.15891670336301628,4
18,2639319,2639382,10.567013914611016,10.65810791156086,-0.47012423705613154,64
18,2639472,2639524,10.784785398986015,10.86022265765461,-0.28071916908089073,53
18,2639784,2639830,11.228868406798515,11.295765382263985,-1.0,47
18,2639890,2639954,11.37974267437664,11.472260011170235,-0.35559864263886176,65
18,2641210,2641265,13.258554930236015,13.33826220843586,-1.0,56
18,2641695,2641735,13.948876219298516,14.007233155701485,-1.0,41
18,2642486,2642543,15.07474023297039,15.15729394671711,-1.0,58
18,2642979,2643032,15.776447996642265,15.85330859515461,-1.0,54
18,2643534,2643584,16.56640331890789,16.63899365374836,-1.0,51
18,2644505,2644538,17.948468992736014,17.996862550232734,-1.0,34
18,2644540,2644562,17.998285887267265,18.03102295062336,-1.0,23
19,2712114,2712152,-19.936757569763984,-19.881247313048515,1.0,39
19,2712154,2712337,-19.879823976013984,-19.617928953673516,1.0,184
19,2712473,2712518,-19.425777589295237,-19.360303953673515,-1.0,46
19,2712836,2713122,-18.909104249451484,-18.50060497906414,0.11072078291938542,287
19,2713467,2713742,-18.01097509906086,-17.61813232281414,-0.7042243507889018,276
19,2714186,2714240,-16.987591554138984,-16.909307859923516,-1.0,55
19,2714604,2714653,-16.39263427874836,-16.32146728375164,-1.0,50
19,2714783,2714931,-16.13785595843586,-15.925778074767265,1.0,149
19,2714933,2715078,-15.924354737732735,-15.716546629454765,1.0,146
19,2715330,2715394,-15.35928759906086,-15.266770262267265,-1.0,65
19,2715584,2715633,-14.997758546326486,-14.926591551329764,-1.0,50
19,2715720,2715948,-14.80418408343586,-14.478238523986015,0.16743222852743114,229
19,2716462,2716618,-13.748063722107736,-13.524598875548515,0.5578927885372723,157
19,2716905,2717115,-13.11752295062336,-12.81719775250164,0.8522091739478899,211
19,2717344,2717406,-12.492675538513986,-12.40300488140789,-1.0,63
19,2717501,2717762,-12.269210694763984,-11.89629492047039,0.014508156094305391,262
19,2718200,2718485,-11.274294190857734,-10.86721826031414,0.15139555152119458,286
19,2719037,2719266,-10.082956300232736,-9.755587645079766,0.41121142742833294,230
19,2719287,2719484,-9.727120851013986,-9.44529882672039,1.0,198
19,2719968,2720305,-8.757824464295235,-8.276734617736015,-1.0,338
19,2720768,2721051,-7.61915039202961,-7.21492089703289,-0.19495591505898974,284
19,2721053,2721069,-7.21349755999836,-7.18930077984539,-0.19495591505898974,17
19,2721782,2722092,-6.17588086077961,-5.73322119000164,-0.02178176941305495,311
19,2722240,2722284,-5.523989991638985,-5.45993945172039,-1.0,45
19,2723061,2723267,-4.355425538513985,-4.060793699767265,-0.8738231554188005,207
19,2723893,2724011,-3.17120459124836,-3.0018266587516402,0.0,119
19,2724013,2724187,-3.0004033217171098,-2.75131835797039,0.0,175
19,2724438,2724491,-2.395482667420235,-2.318622313048515,-1.0,54
19,2724929,2725131,-1.69662158343586,-1.407682859923515,-0.9662719384537896,203
19,2725742,2725785,-0.53944384906086,-0.4768168931266401,-1.0,44
19,2725972,2726029,-0.21207519671710992,-0.12952123882976507,-1.0,58
19,2726355,2726378,0.3330651841422651,0.3672253432014849,-0.055122519875751445,24
19,2726380,2726540,0.3686486802360151,0.597806886170235,-0.055122519875751445,161
19,2726928,2727166,1.148640379454765,1.48881933734211,0.9425361122361844,239
19,2727253,2727302,1.611226805236015,1.68239404437336,-1.0,50
19,2727799,2728003,2.388371824767265,2.68015722796711,0.911825545265298,205
19,2728465,2728639,3.336318113829765,3.585403077576485,0.7354593654687406,175
19,2729182,2729365,4.356854734923515,4.618749757263985,0.9573488274738136,184
19,2729367,2729386,4.620173094298515,4.64864013812336,0.9573488274738136,20
19,2729775,2729859,5.20089697125164,5.321881104920235,-1.0,85
19,2729879,2730251,5.348924559142265,5.87983154437336,1.0,373
19,2730838,2731073,6.71391015484539,7.049819093201485,1.0,236
19,2731504,2731558,7.66185644390789,7.740140382263985,-1.0,55
19,2731688,2731740,7.92375146343914,7.999188722107735,-1.0,53
19,2731755,2731762,8.019115477111015,8.030502198670234,0.19744196277150416,8
19,2731764,2732105,8.031925535704765,8.518708741638985,0.19744196277150416,342
19,2732351,2732402,8.86742773297039,8.94144140765461,-1.0,52
19,2732512,2732749,9.09658593609539,9.43534130999836,-1.0,238
19,2732782,2732929,9.480888426329765,9.69154297015461,0.07803392137747649,148
19,2732931,2733055,9.69296630718914,9.87088427874836,0.07803392137747649,125
19,2733082,2733154,9.90789111187664,10.011795167420235,0.16621052788343837,73
19,2733167,2733285,10.028875242736015,10.19825293109211,-1.0,119
19,2733325,2733433,10.253763426329765,10.40890771624836,1.0,109
19,2733477,2733528,10.470111570861015,10.544125245545235,0.9185454609311233,52
19,2733672,2733749,10.747663328673514,10.85868408343586,1.0,78
19,2733983,2734081,11.19032275250164,11.33123388812336,-1.0,99
19,2736090,2736130,14.189305906798515,14.247662843201486,-1.0,41
19,2736354,2736407,14.56506835797039,14.64192871234211,-1.0,54
19,2736580,2736651,14.88674365093914,14.989224366638984,-1.0,72
19,2737749,2737813,16.55063134625164,16.643148683045236,-1.0,65
19,2738366,2738408,17.428833738829766,17.490037354920236,-1.0,43
19,2738588,2738639,17.744815672423513,17.81882959124836,-1.0,52
19,2738680,2738731,17.875763426329765,17.949777101013986,-1.0,52
20,2787812,2788071,-19.94256543109211,-19.572496336486015,0.542696169049494,260
20,2788073,2788125,-19.571072999451484,-19.495635984923513,0.542696169049494,53
20,2788419,2788656,-19.078596436951486,-18.73984081890789,-0.10017639359692859,238
20,2788661,2788742,-18.73414746234211,-18.617433348204766,-0.10017639359692859,82
20,2788825,2788869,-18.50071923968586,-18.43666894390789,-1.0,45
20,2789065,2789262,-18.15911718890461,-17.877295164611017,0.5167123610057217,198
20,2789264,2789410,-17.875871827576486,-17.66664062359539,0.5167123610057217,147
20,2789465,2789505,-17.589780030701483,-17.531423094298514,-1.0,41
20,2789991,2790248,-16.841101808045234,-16.47387939312664,0.595571493943914,258
20,2790376,2790420,-16.293114991638983,-16.22906445172039,-1.0,45
20,2790726,2791034,-15.794945069763985,-15.355132078673515,0.7748959686867847,309
20,2791815,2792221,-14.24492480609211,-13.665624266173515,0.6704288606628365,407
20,2792908,2793198,-12.689211183045234,-12.27501855328289,0.6966011888840166,291
20,2793525,2793919,-11.81100879046711,-11.24878857281414,0.6390275803545037,395
20,2793921,2794212,-11.24736523577961,-10.83174902203289,0.6390275803545037,292
20,2795270,2795570,-9.32727588031086,-8.898849852111015,-0.04953518019880953,301
20,2795589,2795667,-8.873229737732736,-8.76078564312664,-1.0,79
20,2796093,2796358,-8.155864991638985,-7.77725585797039,-0.6675586363871517,266
20,2796792,2796968,-7.160948487732735,-6.909016844298515,0.163152095988841,177
20,2796970,2797053,-6.907593507263985,-6.78803271343914,0.163152095988841,84
20,2797539,2797563,-6.09771142718586,-6.06212792828289,0.0,25
20,2797565,2797647,-6.06070459124836,-5.942567137267265,0.0,83
20,2797649,2797818,-5.941143800232735,-5.699175535704765,0.0,170
20,2798542,2798682,-4.670098878357735,-4.469407469298515,-0.4057572639093249,141
20,2798704,2798750,-4.439517335388985,-4.37262011578289,-1.0,47
20,2798752,2798899,-4.37119677874836,-4.160542234923515,-1.0,148
20,2799727,2799936,-2.9834377455452348,-2.684535887267265,-0.3290762353969395,210
20,2799939,2800076,-2.681689210388985,-2.485267820861015,-0.3290762353969395,138
20,2800642,2800689,-1.68107910296711,-1.61275878765789,-1.0,48
20,2800743,2800788,-1.537321534607735,-1.471847898986015,-1.0,46
20,2801029,2801111,-1.13024560687336,-1.012108152892265,-0.07008034307847662,83
20,2801113,2801117,-1.010684815857735,-1.003568113829765,-0.07008034307847662,5
20,2801119,2801259,-1.002144776795235,-0.801453367736015,-0.07008034307847662,141
20,2801902,2802092,0.11233251812664007,0.3841909193733599,0.03503249022941612,191
20,2802442,2802519,0.8809374985953901,0.991958253357735,-1.0,78
20,2802651,2802851,1.178416258361015,1.464508058045235,0.2561303259560802,201
20,2803000,2803041,1.675162840392265,1.734943116638985,-1.0,42
20,2803570,2803784,2.486468016173515,2.79248681781086,0.2872702677203649,215
20,2804116,2804163,3.2636130357047652,3.33193359515461,-1.0,48
20,2804243,2804481,3.444377684142265,3.78455664202961,-0.218950617970784,239
20,2804702,2804756,4.09769189312664,4.175975831482735,-1.0,55
20,2804995,2805186,4.51473144390789,4.78801318499836,-0.3253045282755784,192
20,2805341,2805394,5.00720800640789,5.08406836077961,-1.0,54
20,2805489,2805563,5.217862547423515,5.32461328265461,-1.0,75
20,2805790,2805868,5.646288816954765,5.75873291156086,-0.29266204057600975,79
20,2805870,2805933,5.76015624859539,5.85125000140461,-0.29266204057600975,64
20,2806425,2806472,6.55011132672039,6.618431886170235,-0.029820894008605086,48
20,2806474,2806611,6.619855223204765,6.81627636859211,-0.029820894008605086,138
20,2807403,2807640,7.942140379454765,8.28089599749836,0.35823745313502864,238
20,2808136,2808231,8.985450682189141,9.122091554138985,-1.0,96
20,2808233,2808337,9.123514891173516,9.27296582171711,-1.0,105
20,2808441,2808605,9.419570066954766,9.654421632263984,-0.02920545311553467,165
20,2808634,2808821,9.694275145079764,9.96186377093586,-0.214320298981255,188
20,2808850,2809001,10.00171728375164,10.21806543109211,-0.8463932838755789,152
20,2809096,2809175,10.351859617736014,10.46572705218586,1.0,80
20,2809202,2809294,10.50273388531414,10.635104737732735,-1.0,93
20,2809296,2809306,10.636528074767265,10.652184815857735,-1.0,11
20,2809355,2809418,10.72050536968914,10.81159912249836,0.36574503714222684,64
20,2809420,2809438,10.813022703673514,10.840066163513985,0.36574503714222684,19
20,2809562,2809706,11.01513720562664,11.22152197406086,1.0,145
20,2810019,2810116,11.665604734923516,11.805092530701485,-1.0,98
20,2810693,2810786,12.624937742736016,12.75873193499836,-1.0,94
20,2811117,2811166,13.22843505718914,13.299602296326485,-1.0,50
20,2811325,2811369,13.52449023297039,13.588540772888985,-1.0,45
20,2811507,2811628,13.783538816954765,13.95718652484211,-1.0,122
20,2811664,2811706,14.00700341656414,14.068207276795235,-1.0,43
20,2811750,2811798,14.129410887267266,14.19915478656086,-1.0,49
20,2811817,2811893,14.22477490093914,14.334372315857735,-1.0,77
20,2811953,2811995,14.41834960797039,14.47955322406086,-1.0,43
20,2812407,2812410,15.064547117736016,15.070240479920235,-1.0,4
20,2812412,2812455,15.071663816954764,15.134290772888985,-1.0,44
20,2812532,2812597,15.24246484234539,15.336405518982735,-1.0,66
20,2813293,2813429,16.325628660704766,16.520626710388985,-1.0,137
20,2813443,2813484,16.539130125548514,16.598910401795234,-1.0,42
20,2814312,2814369,17.776014891173514,17.858568604920237,-1.0,58
20,2814906,2814957,18.62148046734539,18.69549414202961,-1.0,52
20,2815275,2815345,19.14669384625164,19.247751222107734,-1.0,71
20,2815450,2815504,19.39577880718914,19.474062745545236,-1.0,55
20,2815721,2815797,19.781504637267265,19.89110205218586,-1.0,77
20,2815812,2815874,19.91102880718914,20.0,-1.0,63
21,2876674,2876800,-19.85049072406086,-19.66972607281414,-1.0,127
21,2876877,2876954,-19.561552003357736,-19.45053124859539,-0.6620501563033965,78
21,2876968,2877063,-19.43202783343586,-19.295386961486017,0.042387981065409135,96
21,2877065,2877142,-19.293963624451486,-19.18294286968914,0.042387981065409135,78
21,2878124,2878248,-17.786643800232735,-17.60872607281414,-0.22033334125573958,125
21,2878250,2878393,-17.607302491638986,-17.40234130718914,-0.22033334125573958,144
21,2879206,2879479,-16.24658691546711,-15.856591063048516,-0.12634413407273515,274
21,2879875,2879925,-15.294370851013985,-15.22178027203289,-1.0,51
21,2880318,2880595,-14.66383007952961,-14.268140867736015,-0.2907337964501201,278
21,2880830,2880882,-13.93507861468586,-13.859641356017265,-1.0,53
21,2881335,2881633,-13.21629052874836,-12.790711180236014,-0.17137236756899138,299
21,2882021,2882062,-12.23987744281086,-12.18009716656414,-1.0,42
21,2882161,2882206,-12.04060937640461,-11.975135740782891,-1.0,46
21,2882262,2882413,-11.896851808045234,-11.68050390484539,0.10552631173608834,152
21,2882415,2882466,-11.67908056781086,-11.605066648986014,0.10552631173608834,52
21,2882490,2882569,-11.572329835388985,-11.45846240093914,-1.0,80
21,2883068,2883258,-10.74963769671711,-10.47777929547039,0.2495634537562468,191
21,2883759,2883800,-9.76610791156086,-9.70632763531414,-1.0,42
21,2884408,2884606,-8.842358643982735,-8.55911327984539,0.07982928046100869,199
21,2885511,2885677,-7.27241162249836,-7.03471337750164,0.0,167
21,2885692,2885862,-7.01478662249836,-6.77139501812664,-0.32226823695229034,171
21,2885967,2886026,-6.623367433045235,-6.53796679547039,-1.0,60
21,2886272,2886312,-6.189247804138985,-6.130890867736015,-1.0,41
21,2886766,2886955,-5.48611670062336,-5.215681395079765,0.052064229295661714,190
21,2887299,2887563,-4.727474854920235,-4.35028906109539,0.11662011044010148,265
21,2887698,2887732,-4.159561280701485,-4.10974413922039,-1.0,35
21,2887735,2887738,-4.10689746234211,-4.10120410015789,-1.0,4
21,2888088,2888303,-3.60445752093586,-3.29701562359539,0.4077797444362283,216
21,2888748,2888919,-2.665051515076485,-2.420236570861015,-0.024161170378069804,172
21,2888921,2888975,-2.418813233826485,-2.34052929547039,-0.024161170378069804,55
21,2889090,2889136,-2.178268311951485,-2.11137109234539,-1.0,47
21,2889226,2889276,-1.984693604920235,-1.912103270079765,-1.0,51
21,2889577,2889856,-1.4851003432014849,-1.08656445172039,0.189145756767978,280
21,2890861,2891056,0.3424716782828901,0.62144677874836,0.13910802064112768,196
21,2891260,2891289,0.91038525250164,0.953085694763985,-1.0,30
21,2891291,2891313,0.954509031798515,0.987245851013985,-1.0,23
21,2891672,2891873,1.496802488829765,1.7843176283577349,0.3620263163134473,202
21,2891876,2891898,1.787164305236015,1.81990136859211,0.3620263163134473,23
21,2892229,2892270,2.289604246642265,2.34938476702961,-1.0,42
21,2892537,2892933,2.727993895079765,3.293060792420235,0.39673846290144865,397
21,2893934,2894149,4.716403563048515,5.023845460388985,-0.015896130643910038,216
21,2894649,2894698,5.734093504454765,5.80526074359211,-1.0,50
21,2895025,2895120,6.26927050640789,6.405911378357735,-0.15160826321865217,96
21,2895915,2895960,7.53604540875164,7.60151904437336,-1.0,46
21,2896046,2896088,7.722503172423515,7.78370703265461,-1.0,43
21,2896715,2896771,8.674719481017265,8.75585009906086,-1.0,57
21,2897014,2897088,9.10029882672039,9.207049561951486,-0.23784583269956103,75
21,2897107,2897286,9.232669676329765,9.48887158343586,1.0,180
21,2897288,2897797,9.49029492047039,10.216199464295235,1.0,510
21,2897799,2898226,10.217622801329766,10.82681347796711,1.0,428
21,2898229,2898465,10.82966015484539,11.166992433045236,1.0,237
21,2898668,2898838,11.454507566954765,11.697899171326485,-0.6695427747868631,171
21,2901600,2901650,15.627748289611015,15.70033886859211,-1.0,51
21,2901820,2901881,15.94088378765789,16.02913086077961,-1.0,62
21,2901915,2901961,16.076101316954766,16.142998292420234,-1.0,47
21,2901963,2901966,16.144421629454765,16.150114991638986,-1.0,4
21,2902216,2902272,16.50452734234539,16.585657960388986,-1.0,57
21,2902960,2903002,17.563494383361014,17.624697999451485,-1.0,43
21,2903939,2903983,18.95694677593914,19.020997315857734,-1.0,45
21,2904071,2904121,19.14482812359539,19.21741845843586,-1.0,51
21,2904282,2904341,19.44515331890789,19.530553956482734,-1.0,60
22,2951761,2951937,-19.99396093890461,-19.74202929547039,-0.6302153218409025,177
22,2952039,2952088,-19.59827148577961,-19.52710449078289,-1.0,50
22,2952286,2952329,-19.24670605609211,-19.184078856017265,-0.021357019501124147,44
22,2952331,2952614,-19.182655518982735,-18.77842626812664,-0.021357019501124147,284
22,2952756,2952796,-18.57773486468586,-18.51937792828289,-1.0,41
22,2952831,2952884,-18.470984132263986,-18.394123777892265,-1.0,54
22,2953073,2953351,-18.126535401795234,-17.729422606017266,0.43925760055889873,279
22,2953912,2954105,-16.932350831482736,-16.656222410704764,-0.26445203726747907,194
22,2954107,2954153,-16.654799073670237,-16.58790185406414,-0.26445203726747907,47
22,2954535,2954751,-16.04560839984211,-15.736742918517265,-0.533351165716561,217
22,2955099,2955288,-15.242843018982734,-14.972407957579765,0.08968991596275526,190
22,2955310,2955352,-14.942517823670235,-14.88131396343914,-1.0,43
22,2955758,2955878,-14.30486035296711,-14.13263574078289,-0.4792870736839397,121
22,2955880,2956022,-14.13121240374836,-13.927674559142265,-0.4792870736839397,143
22,2956486,2956658,-13.268666749451485,-13.022428465392265,0.31412141138402266,173
22,2956861,2956907,-12.734913331482735,-12.66801611187664,-1.0,47
22,2957047,2957072,-12.470171632263986,-12.433164793517266,0.6187090223249339,26
22,2957074,2957292,-12.431741456482735,-12.12002929547039,0.6187090223249339,219
22,2957667,2957967,-11.58769922015461,-11.15927294781414,0.3584496442431661,301
22,2958440,2958570,-10.487455323670234,-10.300997313048516,0.10380198431399604,131
22,2958572,2958656,-10.299573976013985,-10.17858984234539,0.10380198431399604,85
22,2959160,2959402,-9.46264843890461,-9.11677636578289,-0.6411906128895907,243
22,2960118,2960264,-8.099086183045236,-7.88985497906414,0.39199492228308813,147
22,2960697,2960928,-7.274970948670235,-6.94475536968914,-0.1881988457993382,232
22,2961286,2961529,-6.43662207171711,-6.089326414611015,0.1388813559516893,244
22,2961780,2961817,-5.73349072406086,-5.67940380718914,-1.0,38
22,2961819,2961854,-5.67798047015461,-5.62674023297039,-1.0,36
22,2961919,2962133,-5.535646241638985,-5.22962744000164,-0.02691041020237863,215
22,2962403,2962409,-4.846748292420235,-4.836784910704765,-1.0,7
22,2962411,2962490,-4.835361573670235,-4.72149413922039,-1.0,80
22,2962624,2962874,-4.532189698670235,-4.17493066265789,0.4836092281677136,251
22,2963240,2963289,-3.65541064593586,-3.584243406798515,-1.0,50
22,2963336,2963595,-3.51876953265461,-3.148700438048515,-1.0,260
22,2963597,2963606,-3.147277101013985,-3.133043699767265,-1.0,10
22,2963824,2963871,-2.824178468201485,-2.75585790875164,-1.0,48
22,2964167,2964189,-2.335971925232735,-2.303235106017265,0.05040364147866243,23
22,2964191,2964371,-2.301811768982735,-2.044186766173515,0.05040364147866243,181
22,2964807,2965022,-1.42503271624836,-1.117590574767265,0.0,216
22,2965318,2965600,-0.6977045912483599,-0.29489843609539007,-0.6206844166620883,283
22,2965948,2965965,0.19900146343914007,0.22462158343585992,-0.9746837173360996,18
22,2965968,2966307,0.22746826031414008,0.7114047865608599,-0.9746837173360996,340
22,2966753,2966993,1.344792234923515,1.68781787249836,0.33980918479685157,241
22,2967415,2967617,2.28704492047039,2.575983643982735,0.13707478598497919,203
22,2968499,2968722,3.829948484923515,4.14877734515461,-1.0,224
22,2969308,2969466,4.98143261578289,5.20774414202961,-1.0,159
22,2969613,2969658,5.41555224468914,5.48102588031086,-1.0,46
22,2970038,2970224,6.020472898986015,6.286637940857735,-0.30289949268571836,187
22,2970798,2970981,7.1022131333610155,7.36410839984211,-0.7439119617627827,184
22,2971262,2971298,7.762644285704765,7.815307862732735,-0.7391750169643795,37
22,2971300,2971430,7.816731199767265,8.003189210388985,-0.7391750169643795,131
22,2971432,2971458,8.004612547423514,8.043042726013985,-0.7391750169643795,27
22,2971736,2971894,8.43730859234539,8.66362011859211,-0.4335693311540566,159
22,2971897,2971903,8.66646679547039,8.67643017718586,-0.4335693311540566,7
22,2972282,2972616,9.21445361187664,9.69127343890461,1.0,335
22,2972618,2972637,9.69269677593914,9.721163819763985,1.0,20
22,2972639,2973671,9.722587156798514,11.19289990374836,1.0,1033
22,2973674,2973674,11.195746824767266,11.197170167420236,1.0,1
22,2973676,2974101,11.198593504454765,11.804937257263985,1.0,426
22,2974480,2974543,12.34296093609539,12.434054933045235,-1.0,64
22,2976969,2977019,15.88566064312664,15.958251222107736,-1.0,51
22,2977309,2977363,16.36959716656414,16.447881104920235,-1.0,55
22,2978463,2978505,18.01213476422039,18.07333838031086,-1.0,43
22,2978702,2978748,18.35231347515789,18.419210694763986,-1.0,47
22,2979306,2979372,19.212012449767265,19.30737646624836,-1.0,67
23,3041803,3041926,-19.45334179827961,-19.27684716656414,-0.829515594982755,124
23,3041928,3042163,-19.27542382952961,-18.939514891173516,-0.829515594982755,236
23,3042498,3042527,-18.46411865374836,-18.421418211486014,-0.38740549323236473,30
23,3042529,3042800,-18.419994874451486,-18.03284570172039,-0.38740549323236473,272
23,3043281,3043289,-17.349641358826485,-17.33683105328289,0.09176293028043535,9
23,3043291,3043476,-17.33540771624836,-17.07066601422039,0.09176293028043535,186
23,3043865,3044070,-16.51840918109211,-16.225200438048514,0.4068359161107548,206
23,3044126,3044137,-16.146916749451485,-16.129836668517264,-1.0,12
23,3044139,3044204,-16.128413331482736,-16.03447265484539,-1.0,66
23,3044334,3044353,-15.85086132952961,-15.82239452984539,-1.0,20
23,3044356,3044401,-15.81954785296711,-15.75407421734539,-1.0,46
23,3044500,3044576,-15.614586671326485,-15.50498925640789,0.17957539281289,77
23,3044578,3044729,-15.50356591937336,-15.28721777203289,0.17957539281289,152
23,3045107,3045301,-14.75061767718586,-14.473065672423514,0.034685059399902664,195
23,3045684,3045876,-13.929348878357734,-13.654643797423516,-0.39065236680433707,193
23,3046172,3046300,-13.234757569763985,-13.05114648297039,-1.0,129
23,3046792,3046955,-12.35228515765461,-12.11885693218914,0.0761110416347318,164
23,3047109,3047156,-11.901085694763985,-11.83276513531414,-1.0,48
23,3047377,3047645,-11.519629640076484,-11.13675048687664,0.4842581231892642,269
23,3048097,3048171,-10.494822999451484,-10.38807226422039,-1.0,75
23,3048206,3048403,-10.33967871234211,-10.05785693218914,0.3347761218156121,198
23,3048804,3049106,-9.488519776795235,-9.05724706890789,0.41618056954596133,303
23,3049437,3049631,-8.58754394671711,-8.309991941954765,0.14498748896061642,195
23,3049633,3049737,-8.308568604920236,-8.15911767437664,0.14498748896061642,105
23,3050101,3050223,-7.64244433734211,-7.467373289611015,-0.05264406188589296,123
23,3050225,3050323,-7.465949952576485,-7.32503906109539,-0.05264406188589296,99
23,3050416,3050511,-7.19409130999836,-7.057450438048515,-1.0,96
23,3050698,3051022,-6.792708741638985,-6.330122313048515,0.33351576310078684,325
23,3051684,3051837,-5.38929297015461,-5.17009814312664,-0.23620952837728598,154
23,3052077,3052125,-4.829919190857735,-4.760175535704765,-1.0,49
23,3052672,3052798,-3.98303027484211,-3.802265867736015,-0.31247390985293105,127
23,3052800,3052887,-3.800842530701485,-3.67558837750164,-0.31247390985293105,88
23,3053290,3053487,-3.103404542420235,-2.821582762267265,-0.04524857694731546,198
23,3053785,3053785,-2.39885009906086,-2.39742675640789,-1.0,1
23,3053787,3053832,-2.39600341937336,-2.330529539611015,-1.0,46
23,3053875,3054187,-2.270749268982735,-1.825242918517265,-0.07597991526643554,313
23,3054563,3054853,-1.291489503357735,-0.877296629454765,0.0,291
23,3055077,3055133,-0.559891358826485,-0.4787607407828901,-1.0,57
23,3055284,3055342,-0.2652592787483599,-0.18128222515789008,-1.0,59
23,3055421,3055559,-0.07026147601398493,0.12758325335773493,0.2097988778279397,139
23,3055561,3055643,0.12900659039226509,0.2471440443733599,0.2097988778279397,83
23,3055995,3056158,0.74673730328289,0.9801655287483599,0.19417997221650718,164
23,3056160,3056278,0.9815888657828901,1.150966554138985,0.19417997221650718,119
23,3056484,3056541,1.4427517075797651,1.52530566546711,-1.0,58
23,3056700,3056932,1.75019384625164,2.081832765076485,0.4678330726536319,233
23,3056951,3057001,2.107452879454765,2.180043214295235,-1.0,51
23,3057403,3057611,2.75080370953289,3.04828222796711,0.3024326804108353,209
23,3057787,3057831,3.29736718609539,3.361417726013985,-1.0,45
23,3058077,3058092,3.71013671734539,3.7329101576546098,-0.35605540167223965,16
23,3058094,3058249,3.73433349468914,3.95637500140461,-0.35605540167223965,156
23,3058493,3058525,4.30224706890789,4.349217530701485,-1.0,33
23,3058527,3058543,4.350640867736015,4.3748376478889845,-1.0,17
23,3058721,3058902,4.626769285704765,4.885817628357735,0.17957583835108432,182
23,3059125,3059138,5.20179980328289,5.2217265639046095,-1.0,14
23,3059141,3059175,5.22457324078289,5.27439013812336,-1.0,35
23,3059422,3059576,5.624532469298515,5.845150636170235,-0.3257089958648551,155
23,3059617,3059661,5.902084227111015,5.96613476702961,-1.0,45
23,3059824,3059885,6.19671630718914,6.2849633803108595,-1.0,62
23,3060051,3060222,6.51981494000164,6.7646298842171095,-1.0,172
23,3060328,3060402,6.9140810532828905,7.02083154437336,-1.0,75
23,3060871,3060956,7.6869560532828904,7.809363526795235,-0.20013515581733318,86
23,3061152,3061216,8.086915281798515,8.17943261859211,-1.0,65
23,3061219,3061245,8.18227929547039,8.22070947406086,-1.0,27
23,3061507,3061628,8.592201902892265,8.765849854920235,-1.0,122
23,3061875,3062100,9.115991941954764,9.43766748187336,-0.3216956446029669,226
23,3062102,3062214,9.43909081890789,9.599928468201485,-0.3216956446029669,113
23,3062234,3062398,9.62697216656414,9.861823487732735,0.28411238193551447,165
23,3062432,3062602,9.90879394390789,10.15218554827961,0.056269003855063025,171
23,3062657,3062677,10.22904589703289,10.258936280701485,-1.0,21
23,3062679,3062778,10.260359617736015,10.40269384906086,-1.0,100
23,3062794,3062892,10.42404394390789,10.564954835388985,-0.014460206215532194,99
23,3062988,3063146,10.700172361876641,10.92648388812336,-0.8685183485731592,159
23,3063160,3063205,10.94498730328289,11.010461183045235,-1.0,46
23,3063391,3063550,11.273779539611015,11.501514405701485,-0.7588744198590992,160
23,3063571,3063625,11.529981199767265,11.60826513812336,-1.0,55
23,3063736,3063785,11.764832762267265,11.835999757263984,0.46328189874170334,50
23,3063932,3063978,12.043807859923515,12.11070507952961,-0.30320991814187803,47
23,3064254,3064294,12.502124266173515,12.560481202576485,-1.0,41
23,3065530,3065574,14.318309324767265,14.38235986468586,-1.0,45
23,3065763,3065812,14.64994824078289,14.721115479920234,-1.0,50
23,3066171,3066216,15.230672117736015,15.296145753357735,-1.0,46
23,3066387,3066439,15.538114012267265,15.61355127093586,-1.0,53
23,3066472,3066513,15.65909814312664,15.718878663513985,-1.0,42
23,3067979,3068027,17.80407568218914,17.87381933734211,-1.0,49
23,3068938,3069013,19.169061277892265,19.27723535296711,-1.0,76
23,3069037,3069092,19.30997216656414,19.38967920062336,-1.0,56
23,3069163,3069236,19.489313231017267,19.59464062640461,-1.0,74
24,3130130,3130276,-19.933755128357735,-19.72452392437664,-1.0,147
24,3130278,3130280,-19.72310058734211,-19.718830320861017,-1.0,3
24,3130794,3130950,-18.98865576312336,-18.76519091656414,0.09121961863635798,157
24,3131341,3131465,-18.210087159607735,-18.03216943218914,0.108899818169805,125
24,3131467,3131517,-18.03074609515461,-17.958155516173516,0.108899818169805,51
24,3132019,3132075,-17.245060792420237,-17.163930418517264,-0.6068288295042384,57
24,3132077,3132184,-17.162507081482737,-17.00878613140789,-0.6068288295042384,108
24,3132520,3132718,-16.53196630999836,-16.248720945861017,1.0,199
24,3133201,3133258,-15.56266992327961,-15.480115965392265,1.0,58
24,3133260,3133339,-15.478692628357734,-15.36482519390789,1.0,80
24,3133342,3133387,-15.36197851702961,-15.29650488140789,1.0,46
24,3133839,3133853,-14.654577393982734,-14.63322704937664,0.8768982166313929,15
24,3133855,3134024,-14.63180371234211,-14.38983544781414,0.8768982166313929,170
24,3134400,3134446,-13.85608203265461,-13.78918505718914,-0.012084602707307546,47
24,3134448,3134524,-13.78776172015461,-13.678164305236015,-0.012084602707307546,77
24,3134899,3135033,-13.14583398577961,-12.953682859923514,0.8330178455695898,135
24,3135035,3135099,-12.952259522888985,-12.85974218609539,0.8330178455695898,65
24,3135427,3135568,-12.39430908343586,-12.192194578673515,0.23724789920319664,142
24,3135911,3136055,-11.705411378357734,-11.499026609923515,0.19943374075513198,145
24,3136705,3136816,-10.57527734515461,-10.41586279156414,-0.3493468963140649,112
24,3136818,3136831,-10.41443945452961,-10.39451269390789,-0.3493468963140649,14
24,3136938,3137004,-10.243638429138985,-10.14827441265789,-1.0,67
24,3137058,3137101,-10.07283740374836,-10.010210203673514,-1.0,44
24,3137181,3137407,-9.89776611468586,-9.574667234923515,-0.7290938590289124,227
24,3137741,3137793,-9.10069433734211,-9.025257078673516,-1.0,53
24,3137922,3138007,-8.84306933734211,-8.720661863829765,0.22245897794251848,86
24,3138009,3138051,-8.719238526795236,-8.65803466656414,0.22245897794251848,43
24,3138454,3138586,-8.085850831482736,-7.89654638531414,-0.4222858366813377,133
24,3138907,3139013,-7.44107666156086,-7.288779051329765,0.0,107
24,3139254,3139300,-6.94717675921711,-6.88027978375164,-1.0,47
24,3139302,3139336,-6.87885644671711,-6.829039305236015,-1.0,35
24,3139429,3139487,-6.69809179827961,-6.61411474468914,-0.41863869465504194,59
24,3139489,3139593,-6.61269140765461,-6.46324023297039,-0.41863869465504194,105
24,3139950,3140146,-5.95653027484211,-5.67613183453289,-1.0,197
24,3140581,3140737,-5.058401124451485,-4.834936277892265,0.48128713928849715,157
24,3140833,3140883,-4.69971875140461,-4.627128172423515,-1.0,51
24,3141119,3141242,-4.292642823670235,-4.116148191954765,0.5167519229771972,124
24,3141853,3142023,-3.24790918109211,-3.00451757672039,-0.6803705575221406,171
24,3142394,3142683,-2.47788086077961,-2.065111570861015,0.09728055223124002,290
24,3143036,3143054,-1.564094972107735,-1.537051512267265,-0.7477973069193485,19
24,3143057,3143225,-1.53420459124836,-1.293659910704765,-0.7477973069193485,169
24,3143654,3143865,-0.6844692396858599,-0.3827204575797651,1.0,212
24,3144418,3144573,0.4029645982047651,0.625006104920235,1.0,156
24,3145010,3145113,1.24558349468914,1.393611085388985,-0.10471376177360489,104
24,3145115,3145142,1.395034422423515,1.43488818499836,-0.10471376177360489,28
24,3145364,3145416,1.74944677593914,1.824884034607735,-1.0,53
24,3145831,3146006,2.414147703673515,2.664656007263985,0.751357237294446,176
24,3146009,3146009,2.667502684142265,2.668926026795235,0.751357237294446,1
24,3146440,3146597,3.28096337750164,3.50585156390461,-0.92226945978418,158
24,3147065,3147172,4.17055273297039,4.324273683045235,1.0,108
24,3147224,3147266,4.396864012267265,4.45806787249836,-1.0,43
24,3147269,3147272,4.46091454937664,4.46660791156086,-1.0,4
24,3147597,3147722,4.92777099468914,5.107112061951485,1.0,126
24,3148217,3148368,5.810243406798515,6.026591554138985,0.440982168234389,152
24,3148565,3148620,6.305566648986015,6.38527392718586,-1.0,56
24,3148749,3148889,6.567461668517265,6.768153077576485,0.6223020846392509,141
24,3149416,3149583,7.516831297423515,7.755952882263985,1.0,168
24,3149689,3149734,7.90540380718914,7.97087744281086,-1.0,46
24,3150033,3150183,8.39503369000164,8.60995849749836,0.4886753475621003,151
24,3150525,3150605,9.095318113829766,9.21060888812336,-1.0,81
24,3150630,3150800,9.244769285704765,9.488160890076484,-1.0,171
24,3150832,3150974,9.532284422423515,9.735822511170236,1.0,143
24,3151004,3151045,9.777099363829764,9.836879640076486,0.3006888067750225,42
24,3151049,3151050,9.841149656798516,9.843996339295234,0.3006888067750225,2
24,3151054,3151055,9.84826660015789,9.85111328265461,0.3006888067750225,2
24,3151059,3151194,9.85538329937664,10.048957765076485,0.3006888067750225,136
24,3151229,3151416,10.09735156109539,10.36493994281086,0.3900540985554897,188
24,3151456,3151539,10.42045019390789,10.540010987732735,0.7360199357003735,84
24,3151578,3151618,10.59409814312664,10.65245507952961,-1.0,41
24,3151670,3151766,10.725045652892264,10.86310986468586,-1.0,97
24,3151791,3151883,10.89727001812664,11.029640870545235,0.3826088914525381,93
24,3152249,3152293,11.549160887267265,11.61321142718586,-1.0,45
24,3152352,3152454,11.69576513531414,11.84236963031086,-1.0,103
24,3152473,3152672,11.86798974468914,12.15265820452961,-1.0,200
24,3154224,3154264,14.36026269390789,14.41861963031086,-1.0,41
24,3154461,3154504,14.697594969298516,14.760221925232734,-1.0,44
24,3154553,3154599,14.82854247906414,14.89543945452961,-1.0,47
24,3155830,3155887,16.64615087750164,16.728704835388985,-1.0,58
24,3155970,3156012,16.84541894390789,16.906622804138983,-1.0,43
24,3156578,3156665,17.710811277892265,17.83606543109211,-1.0,88
24,3156852,3156914,18.10080712750164,18.190477784607737,-1.0,63
25,3217125,3217314,-19.77606103656086,-19.50562597515789,-0.2535013846045846,190
25,3217644,3217685,-19.03734619281086,-18.97756591656414,-1.0,42
25,3217714,3217762,-18.937712159607734,-18.867968504454765,-1.0,49
25,3217824,3217968,-18.78114453265461,-18.574760008361014,-1.0,145
25,3217983,3218028,-18.55483300921711,-18.48935937359539,-1.0,46
25,3218187,3218233,-18.26447119281086,-18.197573973204765,-1.0,47
25,3218372,3218542,-18.00115283343586,-17.75776122906414,-0.09015169726744189,171
25,3218909,3219217,-17.23681787249836,-16.79700488140789,-1.0,309
25,3219581,3219814,-16.28033154437336,-15.947269285704765,-0.5916985197652166,234
25,3220209,3220367,-15.386472413513985,-15.160160887267265,-0.1910465010205132,159
25,3220697,3220889,-14.691881104920235,-14.417176023986014,0.8390391440994253,193
25,3220915,3220969,-14.381592530701486,-14.30330859234539,-1.0,55
25,3221008,3221305,-14.24922168109211,-13.82506542828289,0.2729007615362446,298
25,3221674,3221765,-13.30127539202961,-13.170327879454765,-0.4556502456369467,92
25,3221787,3221802,-13.140437745545235,-13.11766406109539,0.16513197413316053,16
25,3221804,3221939,-13.11624072406086,-12.922666258361016,0.16513197413316053,136
25,3222094,3222139,-12.703471436951485,-12.637997801329766,-1.0,46
25,3222373,3222735,-12.30635888812336,-11.78968554547039,0.46700962270967605,363
25,3223183,3223377,-11.153451417420236,-10.87589941265789,-0.43820591090869504,195
25,3223379,3223460,-10.87447607562336,-10.757761961486015,-0.43820591090869504,82
25,3223641,3223686,-10.501560304138986,-10.436086668517264,-1.0,46
25,3223770,3223956,-10.31794922015461,-10.05178417828289,-0.6214084193078317,187
25,3223958,3224084,-10.05036084124836,-9.86959619000164,-0.6214084193078317,127
25,3224482,3224662,-9.30452929827961,-9.046904051329765,0.7498431065195654,181
25,3224830,3224906,-8.80920605609211,-8.699608641173516,-1.0,77
25,3224987,3225245,-8.58574121234211,-8.217095457579765,-0.9690453061896396,259
25,3225660,3225911,-7.62783154437336,-7.269149168517265,-0.32765400759227403,252
25,3226326,3226326,-6.67988525531086,-6.67846191265789,0.0,1
25,3226328,3226799,-6.67703857562336,-6.005220945861015,0.0,472
25,3227461,3227669,-5.064391358826485,-4.766912840392265,0.04398170910794028,209
25,3227952,3228006,-4.36553027484211,-4.287246336486015,-1.0,55
25,3228039,3228293,-4.241699464295235,-3.8787470689078902,-0.7280171645180467,255
25,3228826,3229055,-3.12152880999836,-2.794159910704765,0.3958157429137577,230
25,3229604,3229899,-2.014168214295235,-1.592858641173515,-1.0,296
25,3229902,3229903,-1.590011964295235,-1.5871652817985151,-1.0,2
25,3230011,3230075,-1.43486767718586,-1.342350340392265,-1.0,65
25,3230362,3230493,-0.93527441546711,-0.74739306500164,1.0,132
25,3230495,3230594,-0.74596972796711,-0.603635496642265,1.0,100
25,3231216,3231422,0.2802602525016401,0.5748920912483599,0.025023964467135555,207
25,3231902,3232108,1.25667333843914,1.55130517718586,0.3943553735979253,207
25,3232520,3232712,2.136299070861015,2.411004151795235,1.0,193
25,3233060,3233284,2.904904051329765,3.22515625140461,1.0,225
25,3233324,3233401,3.28066650250164,3.391687257263985,-1.0,78
25,3234006,3234071,4.25138622906414,4.345326905701485,-0.5635851371875825,66
25,3234073,3234181,4.346750242736015,4.50189453265461,-0.5635851371875825,109
25,3234691,3234868,5.22637597515789,5.4797309584358596,0.21927114997732125,178
25,3235535,3235703,6.42767724468914,6.66822216937336,-1.0,169
25,3236455,3236596,7.73715234234539,7.93926709124836,-1.0,142
25,3236995,3237033,8.50575732281414,8.561267823670235,0.6725904988779391,39
25,3237035,3237166,8.562691160704764,8.750572267029609,0.6725904988779391,132
25,3237538,3237685,9.278632566954766,9.48928711077961,0.7584366968484966,148
25,3238253,3238311,10.296322508361015,10.38029980609211,-1.0,59
25,3238411,3238555,10.521210691954765,10.72759521624836,-1.0,145
25,3239028,3239185,11.39941308453289,11.62430127093586,-0.576484424099713,158
25,3239656,3239813,12.293272215392266,12.518160401795235,0.8178663157990016,158
25,3240306,3240599,13.218445066954764,13.63690771624836,0.6713870985352077,294
25,3240601,3240661,13.63833105328289,13.725155030701485,0.6713870985352077,61
25,3241149,3241199,14.41832275250164,14.490913331482735,0.9164203882397868,51
25,3241201,3241434,14.492336668517265,14.82539892718586,0.9164203882397868,234
25,3242039,3242229,15.68509765484539,15.956956300232735,1.0,191
25,3242595,3242645,16.476476316954766,16.549066651795236,-1.0,51
25,3242761,3242956,16.712751219298514,16.991726319763984,0.30815137717281393,196
25,3242958,3242977,16.993149656798515,17.021616456482736,0.30815137717281393,20
25,3242979,3243019,17.023039793517263,17.08139697406086,0.30815137717281393,41
25,3243385,3243587,17.60091699078289,17.88985547015461,1.0,203
25,3243589,3243657,17.89127880718914,17.989489503357735,1.0,69
25,3244058,3244167,18.55882665875164,18.715394288513984,1.0,110
25,3244169,3244305,18.716817625548515,18.911815675232734,1.0,137
25,3244501,3244569,19.189367430236015,19.28757812640461,-1.0,69
25,3244673,3244774,19.434182371642265,19.57936328265461,1.0,102
25,3244777,3245070,19.58220995953289,20.0,1.0,294
26,3302237,3302335,-19.999521241638984,-19.85861035015789,0.26197709018025894,99
26,3302784,3302863,-19.220952882263983,-19.10708544781414,0.3742996485659021,80
26,3302865,3303289,-19.10566211077961,-18.500741453673516,0.3742996485659021,425
26,3303697,3303931,-17.92144091937336,-17.586955320861016,0.3517733613795685,235
26,3304011,3304056,-17.47451123187336,-17.40903759625164,-1.0,46
26,3304058,3304062,-17.40761425921711,-17.40049755718914,-1.0,5
26,3304505,3304651,-16.771380128357734,-16.562148680236014,0.08581624046796174,147
26,3304653,3304736,-16.560725343201486,-16.44116454937664,0.08581624046796174,84
26,3305180,3305238,-15.810623780701485,-15.72664648297039,0.21773326865788314,59
26,3305240,3305488,-15.72522314593586,-15.370810789611015,0.21773326865788314,249
26,3305978,3306239,-14.67479638812336,-14.301880613829764,0.10317950762409916,262
26,3306949,3307023,-13.292730714295235,-13.18597997906414,0.15768626780939057,75
26,3307025,3307124,-13.18455664202961,-13.042222410704765,0.15768626780939057,100
26,3307482,3307537,-12.534089112732735,-12.45438183453289,-1.0,56
26,3307662,3307918,-12.27788720843586,-11.912088133361015,0.0,257
26,3308427,3308655,-11.18903027484211,-10.863084715392265,0.22059570314492455,229
26,3308896,3308941,-10.52148242327961,-10.45600878765789,-1.0,46
26,3309080,3309425,-10.25958740374836,-9.76711083843914,0.31197482388011233,346
26,3310014,3310261,-8.930185304138986,-8.577196531798515,0.18197161557552644,248
26,3310382,3310477,-8.406395265076485,-8.26975439312664,-1.0,96
26,3310571,3310574,-8.137383546326484,-8.131690184142265,-1.0,4
26,3310576,3310623,-8.130266847107736,-8.06194628765789,-1.0,48
26,3310909,3311111,-7.656293702576485,-7.367355223204765,0.09224868428699602,203
26,3311323,3311375,-7.06702978656086,-6.99159277203289,-1.0,53
26,3311638,3311862,-6.618677003357735,-6.29842480328289,-0.6822209870297383,225
26,3312329,3312366,-5.635147218201485,-5.5810600571891404,-0.34810117821436853,38
26,3312368,3312635,-5.5796367201546095,-5.198180906798515,-0.34810117821436853,268
26,3312665,3312706,-5.156904054138985,-5.09712353375164,-1.0,42
26,3313017,3313316,-4.655887452576485,-4.228884520079765,-0.02138162125059581,300
26,3313936,3314190,-3.34783545062336,-2.984883055236015,0.17685348867469705,255
26,3314603,3314782,-2.398466065857735,-2.142264402892265,0.11127263347005058,180
26,3314908,3314958,-1.964346436951485,-1.89175585797039,-1.0,51
26,3315078,3315122,-1.722378175232735,-1.6583278794547651,-1.0,45
26,3315150,3315195,-1.61989746234211,-1.55442382672039,-1.0,46
26,3315353,3315413,-1.33095898577961,-1.244135008361015,-1.0,61
26,3315652,3316004,-0.905379640076485,-0.4029394517203901,-0.16949428484749776,353
26,3316021,3316080,-0.3801660170296099,-0.2947656235953901,-0.184800841215268,60
26,3316563,3316617,0.3912856431266401,0.4695695814827349,-1.0,55
26,3317312,3317360,1.457369383361015,1.527113038513985,-1.0,49
26,3318701,3318758,3.434392332579765,3.5169460463264848,-1.0,58
26,3319196,3319323,4.13894677593914,4.32113476702961,-0.36000302346821206,128
26,3320111,3320228,5.441305418517265,5.60925976702961,-0.2534085400897297,118
26,3320528,3320573,6.03483935406414,6.10031298968586,-1.0,46
26,3320731,3320889,6.32377783062664,6.55008935687336,-0.3743641808754633,159
26,3320891,3320960,6.55151269390789,6.651146729920235,-0.3743641808754633,70
26,3321616,3321800,7.58343603375164,7.84675439593586,-0.2447056975863268,185
26,3322093,3322141,8.26237060406414,8.33211425921711,-1.0,49
26,3322436,3322460,8.75057714703289,8.78616064593586,0.2762494574148159,25
26,3322462,3322478,8.78758398297039,8.81178076312336,0.2762494574148159,17
26,3322480,3322589,8.81320410015789,8.969771729920234,0.2762494574148159,110
26,3322631,3323010,9.02812890484539,9.56899902484211,-0.3761122637559162,380
26,3323049,3323236,9.623086180236015,9.890674561951485,0.380843627003964,188
26,3323282,3323381,9.954724852111015,10.09705908343586,-0.24130027234442575,100
26,3323415,3323588,10.144029539611015,10.391691163513984,0.2866969147937987,174
26,3323796,3323882,10.686322996642264,10.81015380999836,-0.19548568916560227,87
26,3323902,3324003,10.83719726422039,10.98237841937336,-1.0,102
26,3324254,3324546,11.33821386578289,11.75525341937336,-0.7077287875848108,293
26,3324853,3324956,12.190796141173514,12.338823976013986,-1.0,104
26,3325044,3325096,12.46265478375164,12.53809179827961,-1.0,53
26,3325124,3325174,12.57652197125164,12.649112550232735,-1.0,51
26,3325308,3325365,12.838417234923515,12.920970948670234,-1.0,58
26,3325645,3325699,13.31808349468914,13.396367433045235,-1.0,55
26,3326970,3327050,15.20401269390789,15.319303468201484,-1.0,81
26,3327242,3327312,15.591161863829765,15.69221923968586,-1.0,71
26,3327339,3327379,15.72922607281414,15.78758300921711,-1.0,41
26,3327421,3327495,15.845940184142265,15.95269091937336,-1.0,75
26,3327577,3327625,16.067981688048516,16.137725343201485,-1.0,49
26,3327984,3328049,16.647281981017265,16.74122265765461,-1.0,66
26,3328391,3328411,17.22658251812664,17.25647265765461,-1.0,21
26,3328413,3328441,17.25789599468914,17.299173097107737,-1.0,29
26,3329244,3329245,18.44069384625164,18.44354052874836,-0.48391680867463904,2
26,3329247,3329497,18.44496386578289,18.802222901795236,-0.48391680867463904,251
26,3329558,3329587,18.88762353375164,18.93032373187336,-1.0,30
26,3329589,3329629,18.93174706890789,18.99010400531086,-1.0,41
26,3329896,3329967,19.368713133361016,19.47119384906086,-1.0,72
27,3385255,3385376,-19.61046093890461,-19.43681298687664,-0.1903649612106447,122
27,3385379,3385554,-19.43396630999836,-19.18345800640789,-0.1903649612106447,176
27,3385715,3385767,-18.95572314593586,-18.88028613140789,-1.0,53
27,3385790,3385845,-18.848972413513984,-18.769265379454765,-1.0,56
27,3386050,3386252,-18.47890332171711,-18.18996484234539,0.2893626973060383,203
27,3386770,3386983,-17.45409668109211,-17.14950146343914,-0.3393844249191259,214
27,3387530,3387753,-16.372356202576483,-16.053527586486016,0.1404088991384415,224
27,3387755,3387790,-16.052104249451485,-16.00086376812664,0.1404088991384415,36
27,3388402,3388574,-15.131201417420234,-14.884963133361016,0.21781097451975356,173
27,3388880,3389042,-14.45084375140461,-14.21883886578289,-0.05879534899747799,163
27,3389061,3389106,-14.19321875140461,-14.127744871642266,-1.0,46
27,3389168,3389183,-14.040921143982734,-14.01814745953289,-1.0,16
27,3389185,3389208,-14.01672412249836,-13.98256396343914,-1.0,24
27,3389410,3389429,-13.69647216937336,-13.66800536968914,0.14713791108588622,20
27,3389431,3389590,-13.66658203265461,-13.43884716656414,0.14713791108588622,160
27,3389934,3390047,-12.95064062640461,-12.78837939312664,0.05413136161888678,114
27,3390049,3390078,-12.78695605609211,-12.74425585797039,0.05413136161888678,30
27,3390492,3390553,-12.156415284607736,-12.068168211486014,-1.0,62
27,3390577,3390646,-12.03543115374836,-11.93579736187664,-1.0,70
27,3390960,3391111,-11.49029101702961,-11.27394286968914,0.05918049869907601,152
27,3391403,3391476,-10.859750245545236,-10.75442285015789,-1.0,74
27,3391562,3391733,-10.633438722107735,-10.388623777892265,0.05314278399171141,172
27,3392121,3392437,-9.837790284607735,-9.386590574767265,-0.24127514241837872,317
27,3392623,3392672,-9.123272218201485,-9.05210497906414,-1.0,50
27,3392773,3392830,-8.909770753357735,-8.82721679547039,-1.0,58
27,3392991,3393043,-8.599482179138985,-8.52404492047039,-1.0,53
27,3393098,3393239,-8.447184327576485,-8.24506982281414,0.22436181316236528,142
27,3393516,3393562,-7.852227296326485,-7.78533007672039,-1.0,47
27,3393805,3393945,-7.440881104920235,-7.24018994000164,-0.3289667984872456,141
27,3394003,3394045,-7.159059327576485,-7.09785546734539,-0.9737949231703245,43
27,3394090,3394132,-7.03522851702961,-6.974024656798515,-1.0,43
27,3394151,3394193,-6.948404542420235,-6.887200926329765,-1.0,43
27,3394345,3394501,-6.672276124451485,-6.448811277892265,0.18767801889510058,157
27,3394868,3395023,-5.927867921326485,-5.705826414611015,0.0,156
27,3395045,3395115,-5.675936280701485,-5.57487890484539,-1.0,71
27,3395349,3395544,-5.243239991638985,-4.964264891173515,0.3036886537302435,196
27,3396030,3396037,-4.27394384906086,-4.26255712750164,-0.01412792152116904,8
27,3396039,3396221,-4.26113379046711,-4.000661863829765,-0.01412792152116904,183
27,3396247,3396307,-3.965078370545235,-3.87825439312664,-1.0,61
27,3396539,3396636,-3.54946240374836,-3.409974852111015,0.08582110734721153,98
27,3396638,3396714,-3.408551515076485,-3.29895410015789,0.08582110734721153,77
27,3397129,3397285,-2.709690186951485,-2.486225340392265,0.1959208727295159,157
27,3397287,3397291,-2.484802003357735,-2.477685301329765,0.1959208727295159,5
27,3397733,3397852,-1.84999121234211,-1.679190184142265,0.1666877683966586,120
27,3398308,3398482,-1.031569093201485,-0.782484129454765,-0.11329130729797243,175
27,3399004,3399232,-0.04092260882648493,0.2850227064827349,-0.27581647896925116,229
27,3399408,3399448,0.534107664611015,0.59246484515461,-1.0,41
27,3399719,3399889,0.976767332579765,1.220158936951485,0.12403252668766598,171
27,3400299,3400487,1.802305906798515,2.07131787249836,0.1999509725256281,189
27,3400512,3400576,2.10547802593914,2.197995362732735,-1.0,65
27,3400670,3400723,2.33036620953289,2.4072265639046098,-1.0,54
27,3400945,3401097,2.721785398986015,2.939556886170235,-0.12118643145004197,153
27,3401109,3401166,2.955213621642265,3.037767335388985,-1.0,58
27,3401583,3401708,3.62987792828289,3.80921923968586,0.09303509281248748,126
27,3401745,3401790,3.86045947125164,3.925933351013985,-1.0,46
27,3402145,3402325,4.429796629454765,4.687421632263985,-0.346064177646986,181
27,3402825,3402954,5.397669676329765,5.58270410296711,-0.08207442281779678,130
27,3402989,3403069,5.63109765484539,5.746388429138985,-1.0,81
27,3403174,3403226,5.894416258361015,5.969853272888985,-1.0,53
27,3403326,3403464,6.11076415875164,6.30860888812336,-0.15297808951334552,139
27,3403857,3404000,6.86655908062664,7.07152050921711,-0.10238736597962482,144
27,3404525,3404686,7.81735204937664,8.04793359515461,-0.06944890016983839,162
27,3404937,3404985,8.403769285704765,8.473512940857734,-1.0,49
27,3405061,3405272,8.58026367047039,8.882012452576484,-0.33427145422626187,212
27,3405420,3405515,9.09124365093914,9.22788476702961,-0.5432316520565917,96
27,3405517,3405570,9.22930810406414,9.30616845843586,-0.5432316520565917,54
27,3405600,3405794,9.34744531109539,9.624997315857735,-0.38983433580884624,195
27,3405825,3405864,9.667697508361014,9.72463134906086,0.09878481104210506,40
27,3405866,3406006,9.72605468609539,9.926745851013985,0.09878481104210506,141
27,3406022,3406118,9.948095945861015,10.08616015765461,0.1772482448529482,97
27,3406120,3406124,10.08758349468914,10.094700440857736,0.1772482448529482,5
27,3406159,3406231,10.143093992736015,10.24699804827961,0.20907438597585815,73
27,3406278,3406380,10.31247167828289,10.459075929138985,-0.5383525402393067,103
27,3406441,3406533,10.54447656109539,10.676847413513984,-0.23352993940186578,93
27,3406582,3406662,10.74516796734539,10.860458741638984,0.16342062967061072,81
27,3407009,3407080,11.352935301329765,11.45541601702961,-0.18567045802359103,72
27,3407314,3407364,11.78705468609539,11.859645265076486,-1.0,51
27,3407389,3407448,11.893805418517266,11.97920605609211,-1.0,60
27,3407769,3407814,12.434675535704764,12.50014941546711,-0.6162932652129425,46
27,3407881,3408026,12.594090086486014,12.80189795062336,-0.2886934942587997,146
27,3408923,3408970,14.077213133361015,14.145533448670236,-1.0,48
27,3409613,3409654,15.059319578673515,15.119099854920234,-1.0,42
27,3409868,3409922,15.42227197125164,15.50055566546711,-1.0,55
27,3410673,3410714,16.568062742736014,16.627843018982734,-1.0,42
27,3412907,3412949,19.747810301329764,19.809013917420234,-1.0,43
28,3467133,3467152,-20.0,-19.971544188048515,-0.237450389763188,20
28,3467154,3467156,-19.970120851013984,-19.965850828673513,-0.237450389763188,3
28,3467159,3467160,-19.963004151795236,-19.960157469298515,-0.237450389763188,2
28,3467163,3467425,-19.957310792420234,-19.58297167828289,-0.237450389763188,263
28,3467478,3467576,-19.50895800921711,-19.36804687359539,-1.0,99
28,3467841,3468086,-18.992284425232736,-18.642142332579766,-0.1631551193975838,246
28,3468424,3468719,-18.162475831482734,-17.741166258361016,0.11743784092734952,296
28,3469001,3469404,-17.34120703265461,-16.766176512267265,-0.7095723803787739,404
28,3469833,3470117,-16.15698584124836,-15.751333250548514,-0.27203337834725844,285
28,3470119,3470187,-15.749909913513985,-15.65169921734539,-0.27203337834725844,69
28,3470311,3470434,-15.476628175232735,-15.300133543517266,-1.0,124
28,3470489,3470702,-15.223273194763985,-14.91867773297039,-0.915945349650784,214
28,3470704,3470853,-14.91725439593586,-14.703753172423514,-0.915945349650784,150
28,3471200,3471317,-14.211276612732735,-14.043322020079765,0.42425345999926567,118
28,3471319,3471840,-14.041898683045234,-13.298913816954766,0.42425345999926567,522
28,3472390,3472508,-12.517498780701485,-12.34812109234539,-1.0,119
28,3472510,3472613,-12.34669775531086,-12.19866992047039,-1.0,104
28,3473248,3473304,-11.296270753357735,-11.21514013531414,-1.0,57
28,3473408,3473715,-11.068535890076484,-10.63014648297039,-0.3786196414399982,308
28,3474219,3474279,-9.91420507952961,-9.827381102111016,0.5044007411408576,61
28,3474281,3474464,-9.825957765076485,-9.564062742736015,0.5044007411408576,184
28,3474996,3475082,-8.808267823670235,-8.68443701031414,0.0,87
28,3475084,3475227,-8.68301367327961,-8.47805224468914,0.0,144
28,3475842,3476065,-7.604119874451485,-7.285291258361015,0.39992972567045404,224
28,3476117,3476157,-7.21270068499836,-7.15434374859539,-1.0,41
28,3476466,3476648,-6.71595410296711,-6.45548242047039,-0.2316267017653108,183
28,3476687,3476728,-6.40139550921711,-6.341614988829765,-1.0,42
28,3476928,3477247,-6.058369874451485,-5.602900145079765,0.22959706980628045,320
28,3477249,3477286,-5.601476808045235,-5.547389891173515,0.22959706980628045,38
28,3477795,3477836,-4.824331788513985,-4.76455126812664,-1.0,42
28,3478017,3478200,-4.50834961077961,-4.24645458843914,0.15129996508063395,184
28,3478629,3478846,-3.637263917420235,-3.326975340392265,-1.0,218
28,3479395,3479582,-2.54698339984211,-2.27939501812664,-0.014464459475968349,188
28,3479899,3480095,-1.829618897888985,-1.54922021343914,0.40302426370207295,197
28,3480623,3480803,-0.79911865374836,-0.54149365093914,-0.10005798567492524,181
28,3481351,3481511,0.23707470562664007,0.46623291156085994,-0.51416996416617,161
28,3481935,3482172,1.068306883361015,1.4070625014046099,-0.9042848606973221,238
28,3482624,3482773,2.048989988829765,2.26249121234211,0.0706917792258793,150
28,3483230,3483391,2.91153564312664,3.14211718890461,1.0,162
28,3483889,3484053,3.849518309142265,4.084369874451485,-0.8706697095757371,165
28,3484489,3484649,4.70352392437664,4.93268213031086,0.36478665688756207,161
28,3484916,3484955,5.311291258361015,5.36822509906086,-1.0,40
28,3484957,3484963,5.36964843609539,5.37961181781086,-1.0,7
28,3485098,3485156,5.570339598204765,5.65431689593586,-1.0,59
28,3485264,3485436,5.806614500548515,6.052852784607735,-1.0,173
28,3485904,3486044,6.717553953673515,6.91824511859211,-0.22601055963187908,141
28,3486074,3486118,6.95952197125164,7.023572511170235,-1.0,45
28,3486522,3486622,7.59717968609539,7.740937257263985,-1.0,101
28,3486671,3486714,7.809257566954765,7.87188476702961,-1.0,44
28,3487343,3487452,8.765743895079765,8.92231152484211,-1.0,110
28,3487593,3487921,9.12157958843914,9.58985937640461,1.0,329
28,3487924,3487974,9.59270605328289,9.66529638812336,1.0,51
28,3487976,3488505,9.66671972515789,10.42109130999836,1.0,530
28,3488507,3488631,10.42251464703289,10.60043261859211,1.0,125
28,3488702,3488873,10.700066648986015,10.944881593201485,-1.0,172
28,3488995,3489064,11.11710595562664,11.216739991638985,-1.0,70
28,3489489,3489619,11.820237303282891,12.006695069763985,-1.0,131
28,3491850,3491919,15.180749266173516,15.28038330218586,-1.0,70
28,3492063,3492077,15.483921141173514,15.50527148577961,-1.0,15
28,3492079,3492124,15.50669482281414,15.57216845843586,-1.0,46
28,3492425,3492470,15.99917138531414,16.06464502093586,-1.0,46
28,3495149,3495235,19.876356688048514,20.0,-1.0,87
29,3561407,3561572,-19.669805909607735,-19.433531004454764,0.0783792907982985,166
29,3561919,3561934,-18.941054444763985,-18.918281004454766,-1.0,16
29,3561936,3561959,-18.916857667420235,-18.88269726422039,-1.0,24
29,3562064,3562370,-18.734669679138985,-18.29770361187664,0.33575352816388265,307
29,3562845,3563024,-17.62303906390461,-17.36683740093914,0.6367631136088735,180
29,3563461,3563797,-16.746260011170236,-16.266593504454764,0.15518863778970376,337
29,3563799,3563844,-16.265170167420234,-16.199696531798516,0.15518863778970376,46
29,3564322,3564395,-15.520761964295234,-15.41543456890789,0.318678720164428,74
29,3564397,3564620,-15.41401123187336,-15.09518261578289,0.318678720164428,224
29,3564795,3564848,-14.84752099749836,-14.770660398986015,-1.0,54
29,3564903,3564958,-14.69379980609211,-14.61409277203289,-1.0,56
29,3565035,3565104,-14.505918702576485,-14.40628466656414,-1.0,70
29,3565137,3565387,-14.36073779437336,-14.003478758361014,0.33507778019985607,251
29,3565902,3565961,-13.271880616638985,-13.18647997906414,-0.8753274933998813,60
29,3565963,3566168,-13.18505664202961,-12.89184814312664,-0.8753274933998813,206
29,3566556,3566608,-12.341014405701484,-12.265577391173515,-1.0,53
29,3566621,3566943,-12.248497315857735,-11.788757566954764,0.0,323
29,3566973,3567040,-11.747480714295236,-11.65069335797039,-1.0,68
29,3567251,3567349,-11.351791261170234,-11.21088036968914,0.1401245138667167,99
29,3567352,3567554,-11.20803369281086,-10.91909521343914,0.1401245138667167,203
29,3567968,3568315,-10.331254640076486,-9.835931395079765,0.3970167959255853,348
29,3568735,3568784,-9.23955078265461,-9.16838378765789,-1.0,50
29,3568850,3568997,-9.075866456482736,-8.865211668517265,-0.1251593947262877,148
29,3569021,3569076,-8.832474854920235,-8.75276757672039,-1.0,56
29,3569563,3569720,-8.061023194763985,-7.836135008361015,0.5945609632977952,158
29,3569722,3569768,-7.834711671326485,-7.76781445172039,0.5945609632977952,47
29,3570175,3570316,-7.18993750140461,-6.98782275250164,-0.2305678682317853,142
29,3570318,3570411,-6.98639941546711,-6.852605223204765,-0.2305678682317853,94
29,3570749,3570903,-6.372938722107735,-6.152320555236015,0.2223905296883969,155
29,3570905,3570995,-6.150897218201485,-6.02137304547039,0.2223905296883969,91
29,3571390,3571437,-5.46057617327961,-5.392255613829765,-1.0,48
29,3571646,3571691,-5.096200440857735,-5.03072656109539,-1.0,46
29,3571774,3572011,-4.914012452576485,-4.575257078673515,0.3688743300681291,238
29,3572615,3572684,-3.71698144671711,-3.617347410704765,-0.13481696683225294,70
29,3572686,3572908,-3.615924073670235,-3.2985185532828902,-0.13481696683225294,223
29,3572989,3573066,-3.184651124451485,-3.073630613829765,-1.0,78
29,3573376,3573499,-2.633817628357735,-2.45732324078289,0.09847914724647337,124
29,3573518,3573669,-2.431702882263985,-2.21535497906414,0.5001909668671034,152
29,3574122,3574319,-1.57200390765461,-1.29018212750164,0.4669256900503843,198
29,3574397,3574446,-1.180584718201485,-1.109417723204765,-1.0,50
29,3574856,3575012,-0.5272705092171099,-0.3038056626578901,-0.4596193620718361,157
29,3575148,3575200,-0.11165454242023494,-0.03621728375164007,-1.0,53
29,3575317,3575359,0.12889037945476509,0.19009423968585992,-1.0,43
29,3575708,3575881,0.6854174790641401,0.9330791029671099,-0.2140194607711764,174
29,3576042,3576121,1.1608139634391401,1.274681397888985,-1.0,80
29,3576360,3576514,1.613436766173515,1.834054933045235,-0.7258148222727538,155
29,3577026,3577153,2.561383055236015,2.74357080218586,-0.16269745808880579,128
29,3577241,3577312,2.867401609923515,2.96988232562336,-1.0,72
29,3577644,3577742,3.44100878765789,3.581919679138985,0.2566160973574268,99
29,3578148,3578281,4.15837353375164,4.349101319763985,0.22707941746915122,134
29,3578370,3578431,4.47435546734539,4.562602784607735,-1.0,62
29,3578864,3578958,5.17748681500164,5.312704347107735,-0.1930401512749039,95
29,3579071,3579128,5.472118895079765,5.554672608826485,-1.0,58
29,3579392,3579513,5.92901171734539,6.10265966937336,-0.28469589732095896,122
29,3579544,3579608,6.14535986187664,6.237877198670235,-1.0,65
29,3580213,3580311,7.09757617047039,7.238487061951485,-0.031541742668941226,99
29,3580748,3580890,7.85906445172039,8.062602296326485,0.3576528509119081,143
29,3581069,3581116,8.31595751812664,8.38427783343586,-1.0,48
29,3581153,3581239,8.435518309142266,8.559348878357735,-1.0,87
29,3581363,3581411,8.734420164611015,8.804163819763986,-1.0,49
29,3581484,3581569,8.90664452984539,9.029052003357736,-0.7139815482025028,86
29,3581590,3581944,9.05751904156414,9.56280566546711,0.2201804345367716,355
29,3581974,3582014,9.60408251812664,9.66243945452961,-0.7594818842789639,41
29,3582042,3582287,9.700869871642265,10.05101220843586,0.482078028432693,246
29,3582326,3582414,10.10509911968914,10.231776612732736,0.4828310668090678,89
29,3582442,3582516,10.270206785704765,10.37695752093586,0.4342032519645575,75
29,3582584,3582651,10.472321531798515,10.56910888812336,-0.0036951263330658353,68
29,3582684,3582782,10.61465576031414,10.755566651795235,-0.04374274173319554,99
29,3582784,3582902,10.756989988829766,10.926367921326484,-0.04374274173319554,119
29,3583044,3583094,11.12705908062664,11.199649659607735,0.34821109635688835,51
29,3583288,3583378,11.474354734923516,11.60387890765461,0.4983850291935254,91
29,3583380,3583504,11.60530224468914,11.78322021624836,0.4983850291935254,125
29,3584017,3584062,12.511971434142264,12.57744531390461,-1.0,46
29,3584204,3584250,12.77813671734539,12.84503369281086,-1.0,47
29,3585013,3585089,13.929620848204765,14.03921826312336,-1.0,77
29,3585171,3585236,14.154509031798515,14.248449464295234,-1.0,66
29,3586358,3586403,15.84401660015789,15.909490479920235,-1.0,46
29,3586523,3586571,16.07886816265789,16.148612061951486,-1.0,49
29,3588376,3588432,18.71632226422039,18.79745263812336,-1.0,57
29,3589022,3589104,19.635801512267264,19.75393896624836,-1.0,83
29,3589226,3589277,19.926163328673514,20.0,-0.013155261344969532,52
30,3644048,3644072,-20.0,-19.96476220562664,-0.8429112186094486,25
30,3644106,3644162,-19.917791749451485,-19.83666113140789,-1.0,57
30,3644432,3644704,-19.453781983826484,-19.06520947125164,0.3620406382489153,273
30,3645123,3645508,-18.470252198670234,-17.920842039611014,0.13981679275503367,386
30,3645703,3645759,-17.644713624451484,-17.56358300640789,-1.0,57
30,3645847,3645907,-17.439752198670234,-17.35292822125164,-1.0,61
30,3646218,3646404,-16.911692140076486,-16.645527098204767,0.34963748383183785,187
30,3646854,3646891,-16.00644629046711,-15.952359129454765,-0.008773028620909833,38
30,3646893,3647129,-15.950935792420236,-15.61360351422039,-0.008773028620909833,237
30,3647362,3647407,-15.28338818499836,-15.217914305236015,-1.0,46
30,3647497,3647755,-15.09123681781086,-14.722591063048515,0.35877223216172044,259
30,3648134,3648442,-14.184567628357735,-13.744754637267265,0.12791170985899605,309
30,3648545,3648624,-13.59957373187336,-13.485706297423516,-1.0,80
30,3648949,3649171,-13.024543214295235,-12.707137938048515,0.05896221693997764,223
30,3649420,3649466,-12.354148927185859,-12.287251707579765,-1.0,47
30,3649659,3649839,-12.013969972107734,-11.756344969298516,-0.6003785278764654,181
30,3649912,3649958,-11.65386425921711,-11.58696728375164,-1.0,47
30,3650324,3650516,-11.06744726702961,-10.792741941954764,-0.06220677168474814,193
30,3650904,3650963,-10.241908448670236,-10.15650781109539,-0.6204309012272916,60
30,3650965,3651063,-10.15508447406086,-10.014173582579765,-0.6204309012272916,99
30,3651065,3651071,-10.012750245545234,-10.002786863829765,-0.6204309012272916,7
30,3651430,3651491,-9.493230226013985,-9.40498290875164,-1.0,62
30,3651554,3651692,-9.316735597107735,-9.11889111187664,-0.11985398819007505,139
30,3651821,3651872,-8.93670312640461,-8.86268945172039,-1.0,52
30,3652103,3652272,-8.535320558045235,-8.293352293517264,-0.4094772178950755,170
30,3652378,3652627,-8.14390136859211,-7.788065672423515,-0.04222723539921035,250
30,3652718,3652758,-7.65996484515461,-7.60160790875164,-1.0,41
30,3652981,3653139,-7.285625733826485,-7.0593142075797655,0.3133356174812418,159
30,3653155,3653207,-7.037964112732735,-6.96252685406414,-1.0,53
30,3653690,3653856,-6.276475831482735,-6.038777586486015,-0.05650659036465801,167
30,3654163,3654349,-5.603234620545235,-5.337069578673515,-0.08399570956007259,187
30,3654466,3654518,-5.17196191546711,-5.096524656798515,-1.0,53
30,3654520,3654525,-5.095101319763985,-5.086561277892265,-1.0,6
30,3654776,3654816,-4.73072558734211,-4.6723686509391404,-1.0,41
30,3654831,3654960,-4.65244189593586,-4.46740722515789,0.01917092723707314,130
30,3655320,3655559,-3.95642724749836,-3.614824949767265,0.45481436049154267,240
30,3655962,3656235,-3.042641358826485,-2.65264550640789,0.0,274
30,3656622,3656899,-2.103235108826485,-1.70754589703289,0.5175933156388999,278
30,3656901,3656901,-1.70612255999836,-1.70469921734539,0.5175933156388999,1
30,3657265,3657310,-1.1880258803108599,-1.122552000548515,-1.0,46
30,3657422,3657465,-0.96456103656086,-0.901933836486015,-1.0,44
30,3657490,3657760,-0.867773683045235,-0.4820478501578901,0.12113554386330458,271
30,3658427,3658476,0.46589843609539006,0.53706543109211,-1.0,50
30,3658697,3658856,0.8502009263297651,1.077935792420235,0.003143637095493893,160
30,3659361,3659515,1.79530029156414,2.01591845843586,-0.012484215590629361,155
30,3659903,3660027,2.566752195861015,2.74466992327961,-0.031211864097193103,125
30,3660752,3660911,3.77516992047039,4.00290478656086,-1.0,160
30,3660923,3660972,4.01856152203289,4.089728761170235,-1.0,50
30,3661239,3661348,4.46833788922039,4.624905518982735,0.08606888809624465,110
30,3661814,3661859,5.286760008361015,5.352233643982735,-1.0,46
30,3661877,3661968,5.376430418517265,5.50737793109211,-0.11490187254333525,92
30,3662404,3662560,6.126531981017265,6.349996827576485,-0.8347362721368423,157
30,3663005,3663130,6.98196093609539,7.16130224749836,-0.8126152887317462,126
30,3663337,3663386,7.45451074078289,7.525677979920235,-1.0,50
30,3663558,3663680,7.769069578673515,7.94414062640461,-0.08936280565451078,123
30,3664349,3664457,8.89493359234539,9.050077882263984,-0.3701648794425366,109
30,3664523,3664600,9.14259521343914,9.253615968201485,0.3740463603460696,78
30,3664603,3665091,9.256462645079765,9.95247705218586,0.3740463603460696,489
30,3665115,3665201,9.985214109923515,10.10904492327961,-0.002684088595131715,87
30,3665203,3665290,10.11046826031414,10.235722413513985,-0.002684088595131715,88
30,3665364,3665419,10.339626219298514,10.41933349749836,-0.8755077425103529,56
30,3665448,3665534,10.45918701031414,10.583017823670234,-0.6700009646275191,87
30,3665573,3665660,10.63710497906414,10.762359132263985,0.10197771740058571,88
30,3665752,3665781,10.89188329937664,10.93458349749836,0.18848514020960286,30
30,3665783,3665835,10.93600683453289,11.011444093201485,0.18848514020960286,53
30,3665898,3665952,11.09969140484539,11.17797509906086,-0.4885442711573479,55
30,3666135,3666210,11.43702343609539,11.545197511170235,-0.41258655640550485,76
30,3666292,3666382,11.66048827984539,11.790012452576486,-1.0,91
30,3666384,3666393,11.791435789611015,11.805669190857735,-1.0,10
30,3666546,3666672,12.022017332579765,12.202781983826485,-0.48128825143875,127
30,3667963,3668012,14.038893797423516,14.11006103656086,-1.0,50
30,3668044,3668085,14.15418456890789,14.213965089295234,-1.0,42
30,3668482,3668534,14.777608641173515,14.85304589984211,-1.0,53
30,3669225,3669276,15.83515234234539,15.90916601702961,-1.0,52
30,3669539,3669581,16.28208202984539,16.34328564593586,-1.0,43
30,3669882,3669938,16.770288328673516,16.85141894671711,-1.0,57
30,3670558,3670634,17.732468016173517,17.84206543109211,-1.0,77
30,3670650,3670698,17.86341552593914,17.933159425232734,-1.0,49
30,3671080,3671138,18.475452879454764,18.55943017718586,-1.0,59
30,3671639,3671686,19.27110156109539,19.33942187640461,-1.0,48
30,3671845,3671923,19.56431005718914,19.676754151795237,-1.0,79
30,3672033,3672077,19.83189843609539,19.895948976013987,-1.0,45
31,3719252,3719504,-19.58728466937336,-19.22717919781414,0.4255694604108378,253
31,3720023,3720270,-18.48988769671711,-18.136898680236015,0.13595864507117247,248
31,3720638,3720817,-17.614531983826485,-17.35833007672039,1.0,180
31,3721239,3721346,-16.75910302874836,-16.60538183453289,0.2955914364394057,108
31,3721348,3721446,-16.60395849749836,-16.463047606017266,0.2955914364394057,99
31,3721659,3721702,-16.161299073670236,-16.09867187359539,-1.0,44
31,3721854,3722135,-15.883747315857734,-15.482364500548515,0.7990640650343614,282
31,3722504,3722758,-14.958574464295236,-14.59562206890789,0.6817990101729121,255
31,3723222,3723333,-13.936614503357735,-13.777199949767265,0.895258669439496,112
31,3723335,3723444,-13.775776612732734,-13.61920898297039,0.895258669439496,110
31,3723652,3723831,-13.32457714984211,-13.06837548687664,-0.28966329877397956,180
31,3724202,3724392,-12.541738526795235,-12.269880125548514,-0.34152296872129867,191
31,3725376,3725431,-10.87073437640461,-10.791027098204765,-1.0,56
31,3725533,3725693,-10.64726953265461,-10.41811132672039,-1.0,161
31,3726085,3726285,-9.86158447406086,-9.57549267437664,-0.8524214323964855,201
31,3726557,3726743,-9.18976660296711,-8.92360156109539,-0.18628808571207836,187
31,3727086,3727285,-8.43681836077961,-8.15214990093914,-0.2733487327181635,200
31,3727339,3727407,-8.076712647888986,-7.978502195861015,-1.0,69
31,3727450,3727631,-7.91872168109211,-7.6596733384391404,0.4400449709338924,182
31,3727708,3727765,-7.551499268982735,-7.46894531109539,-1.0,58
31,3728089,3728141,-7.009205811951485,-6.93376855328289,-1.0,53
31,3728193,3728379,-6.86117822406086,-6.595012938048515,0.7872227223335196,187
31,3728509,3728562,-6.41140185687336,-6.334541258361015,-1.0,54
31,3728781,3728927,-6.024252686951485,-5.815021238829765,0.47600744350217095,147
31,3729392,3729593,-5.15459033343586,-4.867074949767265,-0.12499317959524527,202
31,3729878,3730068,-4.46284570452961,-4.19098730328289,1.0,191
31,3730106,3730155,-4.13832373187336,-4.067156492736015,-1.0,50
31,3730524,3730734,-3.543366456482735,-3.24304101422039,0.0,211
31,3731010,3731232,-2.851621827576485,-2.534216551329765,0.29767417518019745,223
31,3731260,3731314,-2.49578613421711,-2.41750244000164,-1.0,55
31,3731627,3731650,-1.97341943499836,-1.93925927593914,-0.13586127432892248,24
31,3731652,3731849,-1.93783593890461,-1.65601415875164,-0.13586127432892248,198
31,3732176,3732224,-1.19200439593586,-1.1222604966422651,0.2897692789307715,49
31,3732227,3732365,-1.119413819763985,-0.92156933453289,0.2897692789307715,139
31,3732667,3732829,-0.4931430678108599,-0.2611381821891401,0.37571962227306965,163
31,3732831,3732940,-0.2597148451546099,-0.10314721539226507,0.37571962227306965,110
31,3733368,3733406,0.50462011578289,0.56013037249836,0.21697681037778876,39
31,3733408,3733518,0.5615537095328901,0.71954492327961,0.21697681037778876,111
31,3733903,3734116,1.2661083970328901,1.570703858826485,-1.0,214
31,3734559,3734585,2.19982128765789,2.23825146624836,-0.51729608712324,27
31,3734588,3734690,2.24109814312664,2.387702393982735,-0.51729608712324,103
31,3734924,3735016,2.71934130718914,2.851712159607735,-1.0,93
31,3735045,3735060,2.891565672423515,2.914339112732735,-0.09603423505249593,16
31,3735062,3735187,2.915762449767265,3.095103761170235,-0.09603423505249593,126
31,3735275,3735323,3.21893456890789,3.28867822406086,-1.0,49
31,3735753,3735910,3.899292234923515,4.124180421326485,-1.0,158
31,3736386,3736518,4.800268309142265,4.98957275531086,-0.38596336396497755,133
31,3736832,3736949,5.43507910015789,5.603033448670235,-1.0,118
31,3737406,3737523,6.25207763531414,6.42003222796711,-0.39878416912361697,118
31,3737941,3737994,7.013566160704765,7.090426515076485,-1.0,54
31,3738382,3738628,7.64126025250164,7.99282568499836,0.0005544333806419134,247
31,3738697,3738749,8.089613035704765,8.16505029437336,-1.0,53
31,3739519,3739533,9.259600828673515,9.280950929138985,-1.0,15
31,3739535,3739626,9.282374266173514,9.41332177874836,-1.0,92
31,3739638,3739806,9.42897851422039,9.66952343890461,0.8610779452569318,169
31,3739837,3739912,9.71222363140789,9.820397706482735,0.5370901607552873,76
31,3739996,3740193,9.93853515484539,10.220357179138984,-1.0,198
31,3740241,3740313,10.287254148986015,10.39115820452961,0.1424367868825894,73
31,3740478,3740512,10.62458642437664,10.67440332171711,-1.0,35
31,3740514,3740516,10.67582665875164,10.68009668109211,-1.0,3
31,3740519,3740554,10.68294335797039,10.734183839295236,-1.0,36
31,3740649,3740819,10.86797802593914,11.11136963031086,-1.0,171
31,3741049,3741127,11.43731494000164,11.549759034607735,0.907510518066253,79
31,3741129,3741156,11.551182371642264,11.59103613421711,0.907510518066253,28
31,3741882,3741932,12.62295947125164,12.695550050232734,-1.0,51
31,3742138,3742223,12.987335203673515,13.10974267718586,-1.0,86
31,3742264,3742305,13.16667626812664,13.226456788513985,-1.0,42
31,3742462,3742505,13.448498289611015,13.511125245545236,-1.0,44
31,3742561,3742610,13.58940917828289,13.66057617327961,-1.0,50
31,3742834,3742880,13.977981688048516,14.044878663513986,-1.0,47
31,3743003,3743048,14.218526609923515,14.284000245545235,-1.0,46
31,3743960,3744010,15.580665525939141,15.65325586077961,-1.0,51
31,3744677,3744777,16.60120214703289,16.744959718201486,-1.0,101
31,3744797,3744931,16.772003172423513,16.964154542420236,-1.0,135
31,3745478,3745644,17.741299559142266,17.978997804138984,-0.19303504389478202,167
31,3745646,3745690,17.980421141173515,18.04447168109211,-0.19303504389478202,45
31,3746235,3746401,18.81877001812664,19.05646826312336,0.3449337071456519,167
31,3746777,3746968,19.59022167828289,19.86350341937336,-0.9391415133785752,192
32,3793017,3793059,-20.0,-19.939210203673515,-0.21700930786438843,43
32,3793171,3793222,-19.78121923968586,-19.707205320861014,-1.0,52
32,3793559,3793726,-19.228962159607736,-18.98984081890789,-0.11930140617268635,168
32,3794012,3794197,-18.58418798968586,-18.31944628765789,0.2491623588287387,186
32,3794469,3794572,-17.933720460388987,-17.78569286968914,-1.0,104
32,3794687,3794924,-17.623431642029608,-17.28467626812664,0.4336356790243993,238
32,3795432,3795654,-16.56304150531086,-16.245635984923513,-0.16455030409343627,223
32,3795656,3795661,-16.244212647888986,-16.235672606017264,-0.16455030409343627,6
32,3795697,3795742,-16.185855714295236,-16.12038183453289,-1.0,46
32,3795797,3795845,-16.04352148577961,-15.973777586486015,-1.0,49
32,3795954,3796193,-15.82005664202961,-15.478454344298514,0.7003644210930663,240
32,3796640,3796826,-14.84364355609211,-14.57747851422039,0.0,187
32,3796849,3796918,-14.54616504046711,-14.446531004454766,-1.0,70
32,3797111,3797175,-14.173249268982735,-14.08073193218914,-1.0,65
32,3797195,3797346,-14.05368847796711,-13.83734033062664,0.26002805031151177,152
32,3797685,3797886,-13.35625048968586,-13.06873535015789,-0.2658389089795428,202
32,3798301,3798448,-12.479471436951485,-12.268816648986014,0.21838923980633465,148
32,3798542,3798609,-12.13644580218586,-12.039658445861015,-1.0,68
32,3798611,3798618,-12.038235108826486,-12.026848387267265,-1.0,8
32,3798853,3798989,-11.693786378357736,-11.498788328673514,0.43800454161892105,137
32,3799375,3799499,-10.950801515076485,-10.772883543517265,0.15900244830756546,125
32,3799889,3800012,-10.219203370545236,-10.042708738829765,0.1742828528243019,124
32,3800351,3800511,-9.561618897888986,-9.332460691954765,-0.15827190221855295,161
32,3800731,3800775,-9.020748780701485,-8.95669824078289,-1.0,45
32,3800905,3801038,-8.773087159607735,-8.582359129454765,0.26111723354360866,134
32,3801489,3801566,-7.94185498187336,-7.830834227111015,-0.18156667975139115,78
32,3801568,3801651,-7.829410890076485,-7.70985009625164,-0.18156667975139115,84
32,3801754,3801848,-7.564669190857735,-7.42945165875164,-1.0,95
32,3801991,3802154,-7.22733691546711,-6.993908934142265,0.19724969290142447,164
32,3802578,3802724,-6.39183496234211,-6.18260351422039,0.20654082663882609,147
32,3803161,3803304,-5.562026124451485,-5.357064695861015,0.1579156978087032,144
32,3803712,3803836,-4.777764405701485,-4.599846434142265,0.22721503198648846,125
32,3804302,3804464,-3.93799218890461,-3.70598730328289,-0.20388929467204703,163
32,3804685,3804739,-3.392851808045235,-3.314568113829765,-1.0,55
32,3804759,3804918,-3.287524659607735,-3.059789793517265,-0.20396282697713555,160
32,3804968,3805017,-2.99004589984211,-2.91887890484539,-1.0,50
32,3805157,3805203,-2.72103418109211,-2.654136961486015,-1.0,47
32,3805399,3805517,-2.376585206482735,-2.20720751812664,0.05849533368599762,119
32,3805541,3805590,-2.17447070452961,-2.103303465392265,-1.0,50
32,3805652,3805726,-2.0164794935921098,-1.909728758361015,-1.0,75
32,3805793,3805881,-1.815788331482735,-1.68911083843914,-1.0,89
32,3805994,3806035,-1.5296962904671099,-1.46991601422039,0.047132631238707624,42
32,3806037,3806139,-1.46849267718586,-1.321888426329765,0.047132631238707624,103
32,3806638,3806766,-0.613063722107735,-0.4294523911735151,0.2893289237962293,129
32,3806957,3807009,-0.1590173353889849,-0.08358032086101506,-1.0,53
32,3807038,3807083,-0.043726563904609925,0.02174707171710993,-1.0,46
32,3807279,3807391,0.2992988267203901,0.46013672015460994,0.16268776200150797,113
32,3808016,3808111,1.348302488829765,1.4849433607796099,-0.0488095435309719,96
32,3808113,3808169,1.48636669781414,1.567497315857735,-0.0488095435309719,57
32,3808188,3808261,1.593117430236015,1.69844482562336,-1.0,74
32,3808604,3808712,2.18522802593914,2.340372315857735,-0.45052978733888194,109
32,3809178,3809299,3.00222656109539,3.17587451312336,-0.030324620659292537,122
32,3809479,3809532,3.43065283062664,3.50751318499836,-1.0,54
32,3809544,3809593,3.52316992047039,3.594337159607735,-1.0,50
32,3809616,3809727,3.625650633361015,3.785065186951485,-0.11651980208603913,112
32,3809860,3809909,3.97294628765789,4.044113526795235,-1.0,50
32,3810162,3810259,4.40279589703289,4.542283448670235,-0.0771055199070476,98
32,3810463,3810486,4.831221922423515,4.865382081482735,-1.0,24
32,3810488,3810522,4.866805418517265,4.91662255999836,-1.0,35
32,3810839,3811001,5.366398680236015,5.598403565857735,-0.25805375779115297,163
32,3811096,3811138,5.73219775250164,5.793401612732735,-1.0,43
32,3811406,3811524,6.17343408062664,6.342811768982735,0.2013954221995623,119
32,3811699,3811793,6.590473387267265,6.72569091937336,-1.0,95
32,3811829,3812004,6.775508055236015,7.026016358826485,-0.6057275714929182,176
32,3812405,3812594,7.595353270079765,7.86578857562336,-0.7403319486784742,190
32,3812876,3812934,8.265747801329764,8.34972509906086,-1.0,59
32,3813036,3813126,8.493482664611015,8.62300683734211,0.083844716508711,91
32,3813147,3813226,8.65147363140789,8.765341065857735,-1.0,80
32,3813484,3813561,9.13114013531414,9.242160890076486,-0.5673629631026592,78
32,3813575,3813861,9.260664305236014,9.66916357562336,0.5706016294194066,287
32,3813899,3813988,9.721827391173514,9.84992822406086,0.3899485236486082,90
32,3814003,3814044,9.86985497906414,9.92963525531086,-0.9633800589523226,42
32,3814046,3814089,9.93105859234539,9.993685792420235,-0.9633800589523226,44
32,3814134,3814249,10.056312742736015,10.221420655701484,0.22962500312458395,116
32,3814352,3814370,10.36660156109539,10.39364502093586,-0.3381037706350017,19
32,3814372,3814523,10.39506835797039,10.61141650531086,-0.3381037706350017,152
32,3814598,3814645,10.716743895079764,10.785064210388985,-0.3178599223391273,48
32,3814647,3814714,10.786487547423516,10.88327490374836,-0.3178599223391273,68
32,3814766,3814829,10.955865477111015,11.046959229920235,-0.1376231288726079,64
32,3814842,3814933,11.064039305236015,11.194987061951485,-0.6724227458183699,92
32,3814987,3815034,11.270424070861015,11.33874463031086,0.14188743296708234,48
32,3815209,3815268,11.58640624859539,11.67180664202961,-1.0,60
32,3815552,3815862,12.07461279156414,12.517272218201486,0.17032377386502887,311
32,3816032,3816083,12.757817137267265,12.83183105609211,-1.0,52
32,3816561,3816696,13.510765379454766,13.704340089295235,-1.0,136
32,3817110,3817154,14.29218066265789,14.35623095843586,-1.0,45
32,3817680,3817780,15.10348583843914,15.247243409607735,-1.0,101
32,3818210,3818330,15.85785742047039,16.03008203265461,-1.0,121
32,3818348,3818418,16.05427880718914,16.155336183045236,-1.0,71
32,3818899,3818948,16.83854052593914,16.909707765076487,-1.0,50
32,3818991,3819055,16.969488035704764,17.06200537249836,-1.0,65
32,3819084,3819148,17.10185888531414,17.194376222107735,-1.0,65
32,3819402,3819562,17.55448193218914,17.78364013812336,-1.0,161
32,3819975,3819985,18.370057371642265,18.385714112732735,-1.0,11
32,3819987,3820064,18.387137449767266,18.49815820452961,-1.0,78
32,3820234,3820284,18.73870312359539,18.81129345843586,-1.0,51
32,3820753,3820829,19.477417723204766,19.58701513812336,-1.0,77
32,3821072,3821119,19.931464109923514,19.99978466937336,-1.0,48
33,3879120,3879162,-20.0,-19.93913769390789,-1.0,43
33,3879247,3879291,-19.819576905701485,-19.755526609923514,-1.0,45
33,3879353,3879491,-19.66870263812336,-19.470858152892266,0.06274105149358646,139
33,3879638,3879699,-19.263050050232735,-19.17480273297039,-1.0,62
33,3879803,3879888,-19.028198487732734,-18.90579101422039,-0.3199383231323275,86
33,3879890,3879950,-18.90436767718586,-18.817543699767263,-0.3199383231323275,61
33,3880174,3880359,-18.500138429138985,-18.235396727111016,0.3219285513926771,186
33,3880548,3880589,-17.96780810687336,-17.90802783062664,-1.0,42
33,3880763,3880947,-17.66178955218586,-17.39847119000164,-0.021845231734252644,185
33,3881200,3881438,-17.039788819763984,-16.69960986187664,-0.4269046437940105,239
33,3881683,3881857,-16.352314210388986,-16.103229246642265,-0.6145163685922274,175
33,3881992,3882091,-15.91250146624836,-15.770167234923514,-1.0,100
33,3882208,3882256,-15.605059327576486,-15.535315672423515,0.14967506382828494,49
33,3882258,3882363,-15.533892335388986,-15.38301806500164,0.14967506382828494,106
33,3882559,3882625,-15.105466065857735,-15.010102293517265,-1.0,67
33,3882733,3882872,-14.857804444763985,-14.65853661968914,0.2858859808207018,140
33,3883197,3883324,-14.19737353656086,-14.015185789611015,0.5868228914247247,128
33,3883703,3883763,-13.47716211077961,-13.390338133361015,-1.0,61
33,3883777,3883921,-13.371834718201486,-13.16545019390789,0.38143422507549574,145
33,3884256,3884345,-12.69005371234211,-12.561952879454765,-0.047872164008686054,90
33,3884702,3884825,-12.055242921326485,-11.878748289611014,0.631098815924432,124
33,3885338,3885472,-11.149996827576485,-10.95784570172039,-0.17313197840138037,135
33,3885782,3885817,-10.51803271624836,-10.46679247906414,-0.8813460715213545,36
33,3885819,3885949,-10.46536914202961,-10.27891113140789,-0.8813460715213545,131
33,3885992,3886044,-10.21913086077961,-10.143693602111014,-1.0,53
33,3886162,3886261,-9.97716259906086,-9.834828367736016,0.10624190407477721,100
33,3886544,3886683,-9.433445558045236,-9.234177732970391,0.01456021078668707,140
33,3887114,3887210,-8.622140382263986,-8.48407617047039,0.39560872996602814,97
33,3887347,3887392,-8.29050146624836,-8.22502783062664,-1.0,46
33,3887513,3887673,-8.05422656390461,-7.825068602111015,-0.5383091801063871,161
33,3887836,3887887,-7.594487061951485,-7.52047314312664,-1.0,52
33,3887943,3887988,-7.442189210388985,-7.376715574767265,-1.0,46
33,3888006,3888146,-7.352518800232735,-7.151827391173515,-0.3560147409194711,141
33,3888377,3888554,-6.82445849749836,-6.57110351422039,0.17319793339138112,178
33,3888908,3889008,-6.06866357562336,-5.9249060044547655,0.7557451769994588,101
33,3889517,3889628,-5.201847901795235,-5.0424335923453905,0.18815393667042452,112
33,3889936,3889969,-4.60546728656086,-4.55707372906414,-0.12760289659121693,34
33,3889971,3890016,-4.55565039202961,-4.49017675640789,-0.12760289659121693,46
33,3890018,3890116,-4.48875341937336,-4.34784228375164,-0.12760289659121693,99
33,3890238,3890278,-4.175617921326485,-4.117260984923515,-1.0,41
33,3890375,3890499,-3.980619874451485,-3.80270214703289,-0.15482963780242187,125
33,3890697,3890758,-3.52230371234211,-3.434056395079765,-1.0,62
33,3890835,3890948,-3.32588232562336,-3.163621336486015,0.18685568620853102,114
33,3891231,3891340,-2.76223877093586,-2.60567089703289,-0.13197602992842827,110
33,3891682,3891825,-2.12031103656086,-1.915349852111015,0.6050966492378294,144
33,3892138,3892287,-1.471266847107735,-1.257765379454765,0.0,150
33,3892625,3892734,-0.77809912249836,-0.62153124859539,0.4039649807449887,110
33,3893032,3893177,-0.19879858538898493,0.009009522888984928,-0.22674380730646607,146
33,3893473,3893517,0.4288955064078901,0.4929460463264849,0.21754832691258696,45
33,3893519,3893581,0.4943693833610151,0.584039796326485,0.21754832691258696,63
33,3893936,3894053,1.08790331890789,1.255857667420235,-0.8154167643698862,118
33,3894209,3894261,1.4764758286735151,1.551912843201485,-1.0,53
33,3894461,3894599,1.83515820172039,2.033002686951485,-1.0,139
33,3894959,3895057,2.543982664611015,2.68489355609211,-0.37655011658896537,99
33,3895164,3895349,2.83576806500164,3.10050976702961,-0.459563210877092,186
33,3895442,3895489,3.231457273986015,3.299777589295235,-1.0,48
33,3895682,3895821,3.57305956890789,3.772327393982735,0.09383676228050979,140
33,3895933,3895980,3.930318602111015,3.998638917420235,-1.0,48
33,3896332,3896383,4.498232176329765,4.57224609515461,-1.0,52
33,3896416,3896457,4.61779296734539,4.677573487732735,-1.0,42
33,3896762,3896887,5.11026952984539,5.28961084124836,-0.5573825279527114,126
33,3897193,3897238,5.723730223204765,5.78920410296711,-1.0,46
33,3897267,3897349,5.82905761578289,5.947195069763985,-1.0,83
33,3897691,3897802,6.432554930236015,6.59196923968586,-0.03504750003142245,112
33,3898073,3898163,6.976271727111015,7.10579589984211,-0.2517756320811955,91
33,3898470,3898516,7.54133886578289,7.60823584124836,-1.0,47
33,3898543,3898711,7.6452429185172655,7.885787843201485,-0.3559839968812281,169
33,3899022,3899198,8.32702392437664,8.57895556781086,-0.6488322296271081,177
33,3899557,3899619,9.08851220562664,9.178182862732735,-1.0,63
33,3899644,3899739,9.212343016173515,9.34898388812336,-0.2763284814775955,96
33,3899751,3899910,9.36464062359539,9.59237548968586,-1.0,160
33,3899932,3900057,9.622265867736015,9.80160693499836,1.0,126
33,3900059,3900061,9.80303027203289,9.80730029437336,1.0,3
33,3900128,3900247,9.901240965392265,10.07204199359211,-0.25585866366039944,120
33,3900318,3900408,10.171676023986015,10.30120019671711,0.6502171492780876,91
33,3900465,3900588,10.380907469298515,10.55740185687336,-0.43034499912999646,124
33,3900621,3900646,10.60294872906414,10.639955811951484,0.3303063283826105,26
33,3900648,3900769,10.641379148986015,10.81502685687336,0.3303063283826105,122
33,3900789,3900989,10.84207031109539,11.128162354920235,-0.08268667245423601,201
33,3901332,3901453,11.614945555236016,11.78859326312336,-0.7391409425495157,122
33,3902506,3902547,13.28594970562664,13.345730226013986,-1.0,42
33,3904252,3904296,15.77110595562664,15.835156495545235,-1.0,45
33,3904330,3904388,15.882126707579765,15.96610400531086,-1.0,59
33,3905030,3905078,16.878466551329765,16.94821045062336,-1.0,49
33,3905991,3906038,18.24629882672039,18.314619386170236,-1.0,48
33,3906725,3906779,19.291032469298514,19.369316163513986,-1.0,55
33,3906799,3906893,19.39635986187664,19.531577393982737,-1.0,95
33,3906978,3907003,19.65113818218914,19.68814502093586,0.7414579785243688,26
33,3907005,3907169,19.68956835797039,19.92441992327961,0.7414579785243688,165
34,3970507,3970659,-19.838326417420234,-19.62055517437664,-0.6615105153102535,153
34,3970951,3971107,-19.20636230609211,-18.98289745953289,-0.410578976649743,157
34,3971153,3971204,-18.91884716937336,-18.844833250548515,-1.0,52
34,3971291,3971444,-18.72242578265461,-18.503231199767264,-0.9392634822032437,154
34,3971771,3971851,-18.039221436951486,-17.92393066265789,-0.4626003966209024,81
34,3971853,3971871,-17.92250732562336,-17.89546386578289,-0.4626003966209024,19
34,3971895,3971949,-17.862726808045235,-17.784443113829767,-1.0,55
34,3972200,3972328,-17.428607423279608,-17.24499609234539,-0.2743329792951211,129
34,3972648,3972762,-16.790949952576486,-16.627265379454766,-0.23118462754941616,115
34,3973103,3973117,-16.143328858826486,-16.121978758361013,-0.30509554666966804,15
34,3973119,3973209,-16.120555421326486,-15.99103124859539,-0.30509554666966804,91
34,3973391,3973460,-15.73340625140461,-15.633772215392264,-1.0,70
34,3973499,3973610,-15.579685304138986,-15.42027099468914,-0.6275083735687,112
34,3973789,3973891,-15.16691601702961,-15.02031152203289,-1.0,103
34,3973950,3974059,-14.93775781390461,-14.78118994000164,-0.16811926727480986,110
34,3974433,3974541,-14.25028320452961,-14.095138914611015,-0.1305631131833068,109
34,3974799,3975005,-13.72933984515461,-13.43470800640789,0.01861758707166069,207
34,3975048,3975096,-13.374927491638985,-13.305183836486014,-1.0,49
34,3975362,3975433,-12.92799804827961,-12.825517332579764,-0.3322651207006846,72
34,3975435,3975508,-12.824093995545235,-12.71876660015789,-0.3322651207006846,74
34,3975791,3975950,-12.317384034607734,-12.089649168517266,0.3877326644887582,160
34,3976256,3976438,-11.655529542420235,-11.395057859923515,0.2389964666352915,183
34,3976633,3976685,-11.118929444763985,-11.04349218609539,-1.0,53
34,3976728,3976803,-10.98371191546711,-10.875537840392266,-1.0,76
34,3976911,3977082,-10.72324023577961,-10.47842529156414,-0.22691701698295008,172
34,3977164,3977224,-10.363134522888984,-10.27631054547039,-1.0,61
34,3977361,3977427,-10.082736085388985,-9.98737206890789,-1.0,67
34,3977466,3977662,-9.933284913513985,-9.652886473204765,-0.306437602299832,197
34,3978137,3978257,-8.97822216937336,-8.80599755718914,0.5351727592113772,121
34,3978625,3978723,-8.28363086077961,-8.142719969298515,0.2026096255508609,99
34,3978725,3978745,-8.141296632263986,-8.111406492736014,0.2026096255508609,21
34,3978851,3978908,-7.961955323670235,-7.879401609923515,-1.0,58
34,3979215,3979344,-7.443858643982735,-7.25882421734539,0.23886890410474393,130
34,3979643,3979773,-6.83466797015461,-6.648210203673515,0.027756988103690063,131
34,3979937,3979981,-6.416205323670235,-6.35215478375164,-1.0,45
34,3980043,3980129,-6.26533105609211,-6.141500242736015,-1.0,87
34,3980230,3980360,-5.999165772888985,-5.81270800640789,-0.06983883281536625,131
34,3980380,3980452,-5.78566455218586,-5.681760496642265,-1.0,73
34,3980681,3980759,-5.35723828265461,-5.244794188048515,0.4959229308572416,79
34,3980761,3980799,-5.243370851013985,-5.187860594298515,0.4959229308572416,39
34,3981007,3981048,-4.893228761170235,-4.83344824078289,-1.0,42
34,3981300,3981434,-4.476189210388985,-4.28403808453289,0.12839621157515552,135
34,3981782,3981927,-3.79013818499836,-3.58233007672039,-0.33550411955565135,146
34,3981950,3981950,-3.55101660296711,-3.5495932603141402,-1.0,1
34,3981953,3982034,-3.54674658343586,-3.430032469298515,-1.0,82
34,3982263,3982382,-3.10551025531086,-2.934709227111015,0.0,120
34,3982761,3982910,-2.39668554827961,-2.183184324767265,0.19701404369260156,150
34,3982994,3983020,-2.06504687640461,-2.026616453673515,-1.0,27
34,3983022,3983058,-2.025193116638985,-1.972529539611015,-1.0,37
34,3983303,3983444,-1.62523388812336,-1.423119383361015,0.011567243320524006,142
34,3983834,3983953,-0.8694389662483599,-0.698637938048515,0.050443143309324215,120
34,3984293,3984309,-0.21612475726398492,-0.19192797711101509,0.36469978733983416,17
34,3984311,3984455,-0.19050464007648493,0.01588012835773493,0.36469978733983416,145
34,3984898,3984914,0.64499755718914,0.66919433734211,0.22191632322283697,17
34,3984916,3985026,0.67061767437664,0.82860888812336,0.22191632322283697,111
34,3985231,3985274,1.11897070172039,1.181597901795235,-1.0,44
34,3985823,3985965,1.961589598204765,2.16512744281086,0.19175212049556883,143
34,3986214,3986262,2.518116453673515,2.58786035296711,-1.0,49
34,3986348,3986479,2.708844481017265,2.89672558734211,-0.4849392228108669,132
34,3986890,3986996,3.480296141173515,3.63259375140461,-0.002024895952515668,107
34,3987081,3987122,3.752154539611015,3.81193505999836,-1.0,42
34,3987156,3987219,3.85890527203289,3.949999268982735,-1.0,64
34,3987422,3987518,4.237514402892265,4.37557861468586,-0.07466147084536436,97
34,3987645,3987716,4.55491992047039,4.657400636170235,-1.0,72
34,3987809,3987874,4.78834814312664,4.88228857562336,-0.30007891117346397,66
34,3987877,3987943,4.88513525250164,4.980499268982735,-0.30007891117346397,67
34,3987987,3988043,5.04170312359539,5.12283349749836,-1.0,57
34,3988295,3988339,5.480092527892265,5.54414306781086,-0.9693267126352129,45
34,3988366,3988504,5.58114990093914,5.77899463031086,-0.9462090944965935,139
34,3988554,3988604,5.84873827984539,5.921328858826485,-1.0,51
34,3988871,3989009,6.29993798687664,6.49778271624836,-0.27927946328430575,139
34,3989078,3989142,6.59456982281414,6.687087159607735,-1.0,65
34,3989528,3989719,7.235073973204765,7.50835595843586,-0.942121388451965,192
34,3989752,3989794,7.55390283062664,7.615106690857735,-1.0,43
34,3989905,3989924,7.77167431500164,7.80014111468586,-1.0,20
34,3989926,3989949,7.80156445172039,7.83572461077961,-1.0,24
34,3990127,3990217,8.08765624859539,8.217180421326486,0.01787415442412783,91
34,3990342,3990418,8.393675047423516,8.50327246234211,-1.0,77
34,3990595,3990712,8.75378076031414,8.921735108826486,-0.021669490214878594,118
34,3990887,3991006,9.169396727111016,9.340197999451485,-0.715383902318661,120
34,3991019,3991080,9.357278074767265,9.445525147888985,-0.8381555075513848,62
34,3991103,3991145,9.47683886578289,9.53804248187336,-0.24222997988808426,43
34,3991147,3991170,9.53946581890789,9.57362597796711,-0.24222997988808426,24
34,3991213,3991280,9.633406492736015,9.73019384906086,-0.1866215462043268,68
34,3991401,3991439,9.900994871642265,9.956505128357735,0.3680140333463907,39
34,3991441,3991583,9.95792870953289,10.161466554138984,0.3680140333463907,143
34,3991727,3991794,10.365004637267266,10.46179199359211,0.22551008947632087,68
34,3991858,3991922,10.55146240093914,10.643979737732735,0.07735783773408596,65
34,3991956,3992027,10.690949949767266,10.79343066546711,-0.3078168239705467,72
34,3992029,3992058,10.79485400250164,10.837554444763985,-0.3078168239705467,30
34,3992119,3992233,10.922954832579766,11.086639405701485,-0.3654742952648516,115
34,3992534,3992668,11.51364208843914,11.70579345843586,-0.09259312631071405,135
34,3993174,3993223,12.424581297423515,12.49574853656086,-1.0,50
34,3993812,3993865,13.332674070861016,13.409534425232735,-1.0,54
34,3994145,3994213,13.806647215392266,13.904857667420234,-1.0,69
34,3994490,3994549,14.297700438048516,14.383100831482736,-1.0,60
34,3994906,3994954,14.889810789611015,14.95955468890461,-1.0,49
34,3995000,3995042,15.02360497906414,15.084808839295235,-1.0,43
34,3995133,3995176,15.21290966656414,15.27553662249836,-1.0,44
34,3995275,3995351,15.41502441265789,15.52462158343586,-1.0,77
34,3995594,3995671,15.869070555236014,15.98009130999836,-1.0,78
34,3996046,3996163,16.51242138531414,16.68037597796711,0.15669534869160037,118
34,3996166,3996186,16.68322265484539,16.71311279437336,0.15669534869160037,21
34,3996283,3996331,16.849753660704764,16.91949755999836,-1.0,49
34,3996844,3996979,17.64824902203289,17.841823487732736,-0.03767874615179145,136
34,3997146,3997190,18.078098387267264,18.14214892718586,-1.0,45
34,3997436,3997627,18.49086767437664,18.764149659607735,0.3594699859732457,192
34,3997651,3997726,18.796886473204765,18.90506054827961,-1.0,76
34,3998015,3998448,19.314983152892264,19.93271386859211,0.457728574905374,434
35,4060754,4060820,-19.999922120545236,-19.90455810406414,-0.09080792848248243,67
35,4061171,4061329,-19.40638818499836,-19.18007665875164,0.06508671136191879,159
35,4061344,4061394,-19.16014990374836,-19.08755956890789,-1.0,51
35,4061846,4061943,-18.44563183734211,-18.306144285704764,0.08843587220068012,98
35,4062443,4062669,-17.59589648577961,-17.272797606017264,0.30973072102294064,227
35,4062748,4062968,-17.16177685687336,-16.847218016173514,-0.35136562981003816,221
35,4063119,4063188,-16.63371679827961,-16.534082762267264,-1.0,70
35,4063222,4063270,-16.487112550232734,-16.41736865093914,-1.0,49
35,4063746,4063946,-15.741281007263986,-15.45518896343914,0.3519939964188816,201
35,4064151,4064209,-15.16482714984211,-15.080849852111015,-1.0,59
35,4064345,4064392,-14.88869873187336,-14.820378172423515,-1.0,48
35,4064537,4064751,-14.615416749451486,-14.309398191954765,0.31084058526053265,215
35,4064906,4064953,-14.090203370545234,-14.021883055236016,-1.0,48
35,4065036,4065096,-13.90516894671711,-13.818344969298515,-1.0,61
35,4065350,4065555,-13.45823925921711,-13.16503076031414,0.4879134332518868,206
35,4066423,4066747,-11.93099267718586,-11.46840624859539,-0.234022585669579,325
35,4066749,4066749,-11.46698291156086,-11.46555956890789,-0.234022585669579,1
35,4067287,4067339,-10.70122461077961,-10.625787352111015,-0.16274766795085874,53
35,4067341,4067527,-10.624364015076486,-10.358198973204765,-0.16274766795085874,187
35,4067894,4067932,-9.837255616638984,-9.78174511578289,-1.0,39
35,4067934,4067942,-9.78032177874836,-9.76751171734539,-1.0,9
35,4067963,4068162,-9.73904492327961,-9.45437646343914,0.19138996128148691,200
35,4068299,4068353,-9.26080175921711,-9.182517820861015,-1.0,55
35,4068379,4068451,-9.146934327576485,-9.04303027203289,-1.0,73
35,4068758,4068889,-8.607487550232735,-8.419606199767266,0.5404707647394885,132
35,4069250,4069294,-7.907202882263985,-7.843152586486015,-1.0,45
35,4069365,4069546,-7.74351855609211,-7.48447021343914,-0.14395856320362754,182
35,4069686,4069703,-7.28662548968586,-7.26100536968914,-1.0,18
35,4069705,4069740,-7.25958203265461,-7.20834179547039,-1.0,36
35,4069762,4069805,-7.178451417420235,-7.115824461486015,-1.0,44
35,4069840,4069983,-7.06743066546711,-6.862469481017265,0.5124275876613722,144
35,4069986,4070005,-6.859622804138985,-6.83115576031414,0.5124275876613722,20
35,4070024,4070086,-6.80553564593586,-6.71586523297039,-1.0,63
35,4070409,4070578,-6.25754882952961,-6.01558056500164,0.0,170
35,4070980,4071107,-5.444820069763985,-5.26263232281414,0.2770403976176243,128
35,4071403,4071450,-4.84274609515461,-4.77442577984539,-1.0,48
35,4071504,4071772,-4.698988526795235,-4.31610937359539,0.0968725937523807,269
35,4072215,4072393,-3.686991944763985,-3.432213621642265,0.2634015431633126,179
35,4072857,4072999,-2.77320605609211,-2.56966796734539,0.45065712795760915,143
35,4073244,4073259,-2.222372315857735,-2.199598875548515,-1.0,16
35,4073261,4073311,-2.198175538513985,-2.12558495953289,-1.0,51
35,4073394,4073587,-2.008870851013985,-1.732742430236015,-0.5256558680418321,194
35,4073930,4074066,-1.245959229920235,-1.05096142437664,0.166380600317823,137
35,4074238,4074396,-0.80756982562336,-0.58125829937664,-1.0,159
35,4074591,4074698,-0.3051298842171099,-0.1514086900016401,-0.4691340401023788,108
35,4074714,4074768,-0.1300585951546099,-0.05177490093914008,-1.0,55
35,4075262,4075397,0.6499331040641401,0.8435078139046099,-0.014696423231398161,136
35,4075868,4075998,1.512478758361015,1.69893652484211,0.3295382436693099,131
35,4076143,4076193,1.90389794781414,1.976488526795235,-1.0,51
35,4076236,4076278,2.036268797423515,2.09747265765461,-1.0,43
35,4076317,4076365,2.15155956890789,2.221303468201485,-1.0,49
35,4076470,4076591,2.36933105328289,2.542978761170235,-0.29266547440917584,122
35,4076659,4076713,2.63834277203289,2.716626710388985,-1.0,55
35,4076997,4077121,3.11943261578289,3.297350343201485,-0.5826977980401414,125
35,4077187,4077229,3.38986767437664,3.451071534607735,-1.0,43
35,4077655,4077738,4.05599218609539,4.17555273577961,-0.23036525118664314,84
35,4078185,4078263,4.81036376812664,4.922807862732735,-0.2742426658430697,79
35,4078419,4078463,5.14342577984539,5.207476319763985,-1.0,45
35,4078501,4078562,5.260139891173515,5.34838720843586,-1.0,62
35,4078640,4078698,5.457984617736015,5.54196191546711,-1.0,59
35,4078782,4078928,5.660099363829765,5.86933056781086,-0.4745550912571213,147
35,4078981,4079042,5.943344481017265,6.031591554138985,-1.0,62
35,4079254,4079302,6.33191699078289,6.40166064593586,-1.0,49
35,4079315,4079400,6.418740965392265,6.54114843890461,-0.4838274012903304,86
35,4079510,4079572,6.696292723204765,6.78596338031086,-1.0,63
35,4079789,4079838,7.09340527203289,7.164572511170235,-1.0,50
35,4079947,4080058,7.31829345562664,7.477707765076485,-0.9924935074350252,112
35,4080461,4080511,8.04989160015789,8.12248193499836,-1.0,51
35,4080555,4080612,8.183685789611015,8.26623974749836,-1.0,58
35,4081228,4081325,9.141595457579765,9.28108300921711,-0.5265358012133509,98
35,4081356,4081533,9.32378320172039,9.57713818499836,-0.08384704538753165,178
35,4081557,4081557,9.60987499859539,9.61129834124836,0.5404508752628943,1
35,4081560,4081712,9.61414501812664,9.83191650531086,0.5404508752628943,153
35,4081773,4081892,9.917317137267265,10.08811816546711,0.3069497738754833,120
35,4081923,4081985,10.130818602111015,10.220489015076485,-0.7526178407343661,63
35,4082080,4082144,10.35428320172039,10.446800538513985,0.020145281630960132,65
35,4082146,4082150,10.448223875548514,10.455340577576486,0.020145281630960132,5
35,4082190,4082246,10.51085107281414,10.59198144671711,-0.2528933965234434,57
35,4082299,4082354,10.665995359923516,10.74570263812336,-0.24234496440022052,56
35,4082551,4082617,11.02467773297039,11.120041749451484,-0.3693480189167309,67
35,4082881,4082924,11.49438085797039,11.55700781390461,-1.0,44
35,4083168,4083212,11.902880125548515,11.966930421326484,-1.0,45
35,4083703,4083795,12.664368406798514,12.79673925921711,-1.0,93
35,4084040,4084113,13.144034910704764,13.24936230609211,-1.0,74
35,4084652,4084698,14.01512060406414,14.082017823670235,-1.0,47
35,4084957,4085027,14.44924023297039,14.55029736468586,-1.0,71
35,4085720,4085778,15.53525048687664,15.619227784607736,-1.0,59
35,4086203,4086266,16.22272509625164,16.313819093201484,-1.0,64
35,4086919,4086973,17.24183837750164,17.320122315857734,-1.0,55
35,4086989,4087033,17.341472410704764,17.405522706482735,-1.0,45
35,4087699,4087816,18.352045652892265,18.52000000140461,-0.013906303981397744,118
35,4088232,4088389,19.110687254454763,19.335575440857735,0.08261332872823474,158
35,4088676,4088856,19.74265136578289,20.0,0.5802727093412753,181
36,4139823,4139979,-19.637641847107734,-19.414177000548516,-0.3454241326846132,157
36,4140133,4140187,-19.19640576312336,-19.118121824767265,-1.0,55
36,4140368,4140506,-18.861920167420234,-18.664075438048513,-0.34335250626029185,139
36,4140774,4140925,-18.28404297015461,-18.06769482281414,-0.008402164771836702,152
36,4141144,4141310,-17.75740625140461,-17.51970800640789,-0.4916883934086235,167
36,4141403,4141444,-17.388760499451486,-17.32897997906414,-1.0,42
36,4141719,4141873,-16.938984132263986,-16.71836620953289,-0.3015158578813566,155
36,4142181,4142389,-16.28139990374836,-15.98392138531414,-0.8874727809299712,209
36,4142679,4142721,-15.57257519671711,-15.51137158062664,-0.8377655978405734,43
36,4142723,4142833,-15.50994824359211,-15.35195702984539,-0.8377655978405734,111
36,4143094,4143229,-14.981887940857735,-14.78831347515789,-0.4679446365763634,136
36,4143296,4143351,-14.694372804138984,-14.614665770079766,-1.0,56
36,4143443,4143527,-14.485141358826485,-14.364157469298515,-1.0,85
36,4143642,4143815,-14.201896241638986,-13.954234617736015,0.16297557785554237,174
36,4144227,4144272,-13.36924072406086,-13.30376708843914,-1.0,46
36,4144339,4144468,-13.209826417420235,-13.02479199078289,0.10278760896718696,130
36,4144470,4144510,-13.02336865374836,-12.965011473204765,0.10278760896718696,41
36,4144671,4144721,-12.737276612732735,-12.664686277892265,-1.0,51
36,4144846,4144970,-12.488191651795235,-12.31027392437664,0.16635194158752978,125
36,4145243,4145399,-11.923124757263984,-11.699659910704765,0.1361145915235151,157
36,4145637,4145653,-11.362327638123359,-11.33813085797039,-1.0,17
36,4145655,4145695,-11.33670752093586,-11.27835058453289,-1.0,41
36,4145852,4146006,-11.05630908343586,-10.83569091656414,-0.28979533145447445,155
36,4146009,4146032,-10.83284423968586,-10.79868408062664,-0.28979533145447445,24
36,4146064,4146109,-10.754560304138986,-10.689086668517264,-1.0,46
36,4146419,4146471,-10.249273683045235,-10.173836668517264,-1.0,53
36,4146665,4146672,-9.89913134906086,-9.88774462750164,-1.0,8
36,4146674,4146711,-9.88632129046711,-9.83223437359539,-1.0,38
36,4146728,4146838,-9.80946093890461,-9.65146972515789,0.11275317429790295,111
36,4146841,4146872,-9.64862304827961,-9.60307617047039,0.11275317429790295,32
36,4147231,4147410,-9.09351953265461,-8.83731786968914,0.06369685907716399,180
36,4147528,4147633,-8.67078662249836,-8.519912352111016,-1.0,106
36,4147786,4147946,-8.303564210388984,-8.07440624859539,0.05335280196353506,161
36,4148812,4148914,-6.84321484515461,-6.696610594298515,-0.9059584126468606,103
36,4149326,4149389,-6.11161670062336,-6.020522703673515,-0.5009312641834308,64
36,4149392,4149487,-6.017676026795235,-5.88103515484539,-0.5009312641834308,96
36,4149834,4149957,-5.38855859515461,-5.212064207579765,0.14722862164065414,124
36,4150176,4150238,-4.90177539202961,-4.812104734923515,-1.0,63
36,4150523,4150660,-4.40787548968586,-4.21145410015789,-0.16159528428448572,138
36,4150762,4150819,-4.067696534607735,-3.985142820861015,-1.0,58
36,4151078,4151199,-3.61792041156086,-3.44427245953289,-0.1692880363310769,122
36,4151605,4151725,-2.86781884906086,-2.69559423687664,-0.003981815993695843,121
36,4151786,4151828,-2.610193604920235,-2.548989988829765,-1.0,43
36,4152193,4152395,-2.030893311951485,-1.74195458843914,0.2667357413495701,203
36,4152859,4153014,-1.082947022888985,-0.8609055161735151,0.06425297236846315,156
36,4153365,4153444,-0.3627355971077349,-0.24886816265789008,0.0,80
36,4153446,4153544,-0.24744482562335993,-0.10653393414226507,0.0,99
36,4153895,4153948,0.3916359849235151,0.46849633929523493,-0.09646444914766707,54
36,4153950,4153959,0.46991967632976506,0.4841533217171099,-0.09646444914766707,10
36,4153961,4154000,0.4855766587516401,0.54251025531086,-0.09646444914766707,40
36,4154282,4154330,0.942469481017265,1.01221338031086,-1.0,49
36,4154511,4154686,1.26841503765789,1.51892334124836,-1.0,176
36,4154997,4155151,1.960159422423515,2.180777589295235,-0.12497808195662961,155
36,4155619,4155747,2.845478758361015,3.0290898451546098,-0.43283474763685087,129
36,4155804,4155851,3.108797117736015,3.177117433045235,-1.0,48
36,4156199,4156323,3.671017332579765,3.848935304138985,-0.5165530752883633,125
36,4156449,4156490,4.02685302593914,4.086633546326485,-1.0,42
36,4156657,4156886,4.322908445861015,4.650277101013985,-0.20705244632635048,230
36,4157119,4157169,4.98049267437664,5.05308300921711,-1.0,51
36,4157413,4157520,5.398955320861015,5.552676515076485,-0.5211968841286857,108
36,4157522,4157542,5.554099852111015,5.583989991638985,-0.5211968841286857,21
36,4157912,4157996,6.109203367736015,6.23018750140461,-0.021964604237150808,85
36,4158310,4158508,6.67569384625164,6.95893896624836,-0.7683806213908773,199
36,4158788,4158952,7.356051512267265,7.590903077576485,-0.660566736047892,165
36,4159477,4159595,8.336734617736015,8.50611230609211,-0.5434322299343322,119
36,4159989,4160055,9.065486082579765,9.16085009906086,-0.7578320647511452,67
36,4160087,4160160,9.20497363140789,9.310301026795235,-1.0,74
36,4160230,4160392,9.40851171734539,9.64051660296711,-0.09345135474669125,163
36,4160441,4160479,9.70883691265789,9.764347413513985,-0.6161731332106695,39
36,4160481,4160526,9.765770750548516,9.831244386170235,-0.6161731332106695,46
36,4160607,4160806,9.94511181500164,10.22978027484211,0.23563206790520222,200
36,4160877,4161047,10.329414305236016,10.572805909607736,-0.5146935145707306,171
36,4161135,4161187,10.69663671734539,10.772073976013985,-0.06260344365682856,53
36,4161323,4161370,10.96422509625164,11.032545655701485,-0.4903955495080139,48
36,4161386,4161502,11.053895750548515,11.22042675921711,-0.8126995718308204,117
36,4162265,4162269,12.305013914611015,12.312130616638985,0.03612761380918837,5
36,4162271,4162497,12.313553953673516,12.63665283343586,0.03612761380918837,227
36,4162642,4162698,12.841614012267264,12.92274463031086,-1.0,57
36,4163407,4163452,13.93047119000164,13.995945069763986,-1.0,46
36,4163454,4163461,13.997368406798515,14.008755128357736,-1.0,8
36,4163646,4163693,14.270650145079765,14.33897070452961,-1.0,48
36,4163695,4163701,14.34039404156414,14.35035742327961,-1.0,7
36,4163783,4163838,14.465648191954765,14.545355226013985,-1.0,56
36,4163887,4163929,14.61367577984539,14.67487939593586,-1.0,43
36,4163978,4164054,14.743199949767265,14.852797364685859,-1.0,77
36,4164470,4164517,15.44348437359539,15.511804933045235,-1.0,48
36,4164839,4164885,15.968697996642264,16.035594972107734,-1.0,47
36,4165495,4165552,16.90241064312664,16.984964601013985,-1.0,58
36,4166258,4166318,17.988421141173514,18.07524511859211,-1.0,61
36,4166852,4167156,18.83388671734539,19.268006104920236,0.02291103090469242,305
36,4167506,4167594,19.764752684142266,19.89143017718586,0.6204567727726671,89
36,4167596,4167599,19.89285351422039,19.89854687640461,0.6204567727726671,4
36,4167601,4167670,19.899970457579766,19.999604249451487,0.6204567727726671,70
37,4216795,4216886,-19.795111085388985,-19.66416357281414,-0.03472284013103542,92
37,4216888,4216992,-19.66274023577961,-19.513289305236015,-0.03472284013103542,105
37,4217269,4217443,-19.12044677874836,-18.87136181500164,0.21906901125058165,175
37,4217718,4217882,-18.481365968201484,-18.246514402892267,0.24269654327271026,165
37,4218207,4218262,-17.785351319763986,-17.705644285704764,0.8398490111326454,56
37,4218265,4218335,-17.702797608826486,-17.60174023297039,0.8398490111326454,71
37,4218362,4218408,-17.564733155701486,-17.497836180236014,-1.0,47
37,4218602,4218642,-17.223131104920235,-17.16477392437664,-1.0,41
37,4218677,4218737,-17.11638037249836,-17.029556395079766,1.0,61
37,4218739,4218806,-17.028133058045235,-16.93134570172039,1.0,68
37,4218849,4218889,-16.87156543109211,-16.813208250548517,-1.0,41
37,4219108,4219338,-16.502919679138984,-16.17412744000164,-0.44068721998904814,231
37,4219557,4219698,-15.86383886859211,-15.66172411968914,0.18447285961770038,142
37,4220124,4220236,-15.056803468201485,-14.89596581890789,0.8668911172061027,113
37,4220612,4220713,-14.36221240374836,-14.21703124859539,0.4140717421240878,102
37,4221082,4221253,-13.69324121234211,-13.44842626812664,-0.5238368459862056,172
37,4221521,4221615,-13.068393800232736,-12.93317626812664,0.3260187321098486,95
37,4222112,4222210,-12.22719824359211,-12.086287352111015,0.7309081332916489,99
37,4222212,4222214,-12.084864015076485,-12.080593992736015,0.7309081332916489,3
37,4222434,4222545,-11.768882081482735,-11.609467527892265,-0.30873379416476054,112
37,4222875,4222993,-11.141187745545235,-10.97181005718914,0.2504831146074249,119
37,4223312,4223435,-10.51918701312336,-10.342692625548516,0.3570714048200016,124
37,4223620,4223674,-10.080797608826485,-10.00251367047039,-1.0,55
37,4223981,4223990,-9.566970948670235,-9.552737547423515,-0.005980822359827652,10
37,4223993,4224127,-9.549890870545235,-9.357739500548515,-0.005980822359827652,135
37,4224142,4224191,-9.337812745545236,-9.26664550640789,-1.0,50
37,4224448,4224580,-8.902269776795235,-8.71296533062664,-0.016581176864242275,133
37,4224582,4224586,-8.71154199359211,-8.70442529156414,-0.016581176864242275,5
37,4224601,4224648,-8.68449853656086,-8.616177977111015,-1.0,48
37,4224745,4224802,-8.47953711077961,-8.396983152892265,-1.0,58
37,4224858,4225006,-8.318699464295236,-8.106621336486015,0.5958004534695184,149
37,4225314,4225424,-7.669655030701485,-7.51166406109539,0.0,111
37,4225764,4225873,-7.02915088031086,-6.872583250548515,0.8672803382448918,110
37,4226155,4226301,-6.47262402484211,-6.26339257672039,0.6947624104441417,147
37,4226632,4226724,-5.79368945452961,-5.661318602111015,0.7231345069669838,93
37,4227034,4227168,-5.22150586077961,-5.02935449078289,-0.08229837306560286,135
37,4227291,4227336,-4.855706788513985,-4.79023290875164,-1.0,46
37,4227577,4227742,-4.448630616638985,-4.212355711486015,-0.43556475725435556,166
37,4227873,4227921,-4.02732129046711,-3.957577391173515,-1.0,49
37,4228056,4228164,-3.76684961077961,-3.611705320861015,0.3971455987794737,109
37,4228461,4228612,-3.190395753357735,-2.974047606017265,-0.27639525007320137,152
37,4228650,4228701,-2.921384034607735,-2.84737011578289,-1.0,52
37,4228913,4229033,-2.54704492327961,-2.374820555236015,0.2545951548098813,121
37,4229370,4229470,-1.896577393982735,-1.75281982281414,0.05005796235096943,101
37,4229672,4229714,-1.466727784607735,-1.405524168517265,-1.0,43
37,4229922,4230034,-1.11089209124836,-0.9500544419547651,0.49874830338907084,113
37,4230376,4230496,-0.4646945814827349,-0.2924702134391401,-0.31982083834600455,121
37,4230835,4231027,0.18861962750164007,0.46332470843585993,0.7690483151656566,193
37,4231305,4231329,0.85759081890789,0.89317431781086,-1.0,25
37,4231331,4231356,0.89459765484539,0.93160449359211,-1.0,26
37,4231446,4231582,1.058281981017265,1.253280030701485,0.7452586167935287,137
37,4231742,4231791,1.479591551329765,1.550758546326485,-1.0,50
37,4231953,4232043,1.779916746642265,1.90944091937336,0.6909657056720986,91
37,4232515,4232651,2.579835203673515,2.774833253357735,0.4745008754449191,137
37,4232705,4232757,2.85027050640789,2.92570752093586,-1.0,53
37,4233037,4233174,3.322820066954765,3.519241456482735,0.4056956633517972,138
37,4233567,4233672,4.07719189312664,4.228066163513985,0.4631962751938504,106
37,4234108,4234370,4.84722021343914,5.221559327576485,0.8635431478912226,263
37,4234593,4234642,5.537541258361015,5.60870849749836,-1.0,50
37,4234920,4235018,6.0029743638297655,6.14388525531086,0.6122561494597651,99
37,4235430,4235600,6.728879148986015,6.972270753357735,-0.2681103722572376,171
37,4235833,4235874,7.30248632672039,7.36226660296711,-1.0,42
37,4235972,4236064,7.500330809142265,7.63270166156086,0.5380592442909533,93
37,4236139,4236187,7.738029051329765,7.80777295062336,-1.0,49
37,4236688,4236799,8.519444090392264,8.678858643982736,0.32328318845085563,112
37,4237147,4237244,9.172758543517265,9.31224609515461,1.0,98
37,4237260,4237592,9.33359619000164,9.80756933734211,0.30819135935031805,333
37,4237635,4237710,9.86734960797039,9.975523683045235,1.0,76
37,4237733,4237789,10.006837156798515,10.08796777484211,-0.6768344350015882,57
37,4237869,4237942,10.200411863829766,10.305739259217109,1.0,74
37,4237977,4238047,10.35413281109539,10.455190186951485,-0.8535987673964696,71
37,4238112,4238145,10.54628417828289,10.59467773577961,0.892524206756106,34
37,4238147,4238186,10.59610107281414,10.653034913513984,0.892524206756106,40
37,4238364,4238524,10.904966551329766,11.134124757263985,0.014685431850022147,161
37,4238615,4238665,11.26222558453289,11.33481591937336,-1.0,51
37,4238986,4239085,11.79028564312664,11.932619874451484,0.9912904989108691,100
37,4239179,4239229,12.06499072125164,12.137581300232736,-1.0,51
37,4239759,4239890,12.890529539611014,13.07841064593586,0.6730272584805326,132
37,4239903,4239996,13.09549072125164,13.22928515765461,0.31858577894086887,94
37,4239998,4240054,13.23070849468914,13.31183886859211,0.31858577894086887,57
37,4240648,4240739,14.155881102111016,14.28682861468586,-1.0,92
37,4240884,4240936,14.49179003765789,14.56722705218586,-1.0,53
37,4243191,4243243,17.77544140484539,17.850878663513985,-1.0,53
37,4243561,4243564,18.302078367736016,18.307771729920233,-1.0,4
37,4243566,4243607,18.309195066954764,18.368975343201484,-1.0,42
38,4292825,4292937,-19.960369386170235,-19.799531492736016,-0.07323596774441479,113
38,4293289,4293335,-19.299938233826484,-19.233041258361016,-0.15949000519584006,47
38,4293337,4293402,-19.231617921326485,-19.13767724468914,-0.15949000519584006,66
38,4293710,4293823,-18.70071093890461,-18.538449949767266,0.1399818996126365,114
38,4294406,4294510,-17.71006445452961,-17.560613523986014,-0.512558700376744,105
38,4294627,4294668,-17.39550586077961,-17.335725340392266,-1.0,42
38,4294721,4294768,-17.261711671326484,-17.19339111187664,-1.0,48
38,4294899,4295012,-17.008356690857735,-16.846095457579764,-0.6553709546871415,114
38,4295314,4295427,-16.41766943499836,-16.255408445861015,-0.45717662392519104,114
38,4295705,4295765,-15.861142335388985,-15.774318602111014,-1.0,61
38,4295778,4295876,-15.757238526795234,-15.616327391173515,-0.43025342624987056,99
38,4296149,4296260,-15.22917822406086,-15.069763914611014,-0.3771246402108202,112
38,4296358,4296410,-14.93169970843586,-14.856262449767264,-1.0,53
38,4296433,4296489,-14.824948976013985,-14.74381835797039,-1.0,57
38,4296637,4296806,-14.534587159607735,-14.292618895079766,-0.845099312283624,170
38,4296987,4297154,-14.036417237732735,-13.797295652892265,-1.0,168
38,4297174,4297234,-13.770252198670235,-13.68342822125164,-1.0,61
38,4297500,4297502,-13.306242433045234,-13.301972410704765,-0.4934732276012535,3
38,4297505,4297615,-13.299125733826484,-13.141134520079765,-0.4934732276012535,111
38,4297637,4297677,-13.111244386170235,-13.052887449767265,-1.0,41
38,4297940,4298066,-12.67997168109211,-12.49920702984539,-0.8858763028333446,127
38,4298379,4298451,-12.055124268982736,-11.95122021343914,0.3855408888082198,73
38,4298786,4298930,-11.47582373187336,-11.26943896343914,-0.6937452542772512,145
38,4299260,4299277,-10.801159425232735,-10.77553906109539,0.254933253145027,18
38,4299279,4299364,-10.77411572406086,-10.651708250548515,0.254933253145027,86
38,4299688,4299819,-10.19196875140461,-10.00408740093914,-0.7398368034100163,132
38,4299859,4299901,-9.94857714984211,-9.887373289611014,-1.0,43
38,4300178,4300271,-9.49453076312336,-9.360736570861015,-0.6016003373877941,94
38,4300668,4300874,-8.79709277484211,-8.50246093609539,0.048401067652350346,207
38,4301295,4301448,-7.904656983826485,-7.685462156798515,0.0,154
38,4301811,4301949,-7.170212159607735,-6.97236767437664,-0.3914566080239783,139
38,4302305,4302424,-6.46708105609211,-6.29627978375164,0.19811203218712334,120
38,4302750,4302880,-5.83369336077961,-5.647235594298515,0.7385274639782705,131
38,4302882,4302955,-5.645812257263985,-5.5404848618766405,0.7385274639782705,74
38,4303012,4303060,-5.460777589295235,-5.391033934142265,-1.0,49
38,4303346,4303443,-4.98538134906086,-4.84589355328289,0.1690289298401148,98
38,4303445,4303547,-4.84447021624836,-4.697865965392265,0.1690289298401148,103
38,4303549,4303549,-4.696442628357735,-4.695019285704765,0.1690289298401148,1
38,4303940,4304014,-4.139915772888985,-4.03316503765789,0.7067992067680708,75
38,4304017,4304100,-4.03031836077961,-3.910757566954765,0.7067992067680708,84
38,4304455,4304588,-3.406894288513985,-3.216166258361015,0.4246234623739909,134
38,4304877,4305070,-2.80624365374836,-2.53011523297039,0.08264565095612103,194
38,4305385,4305550,-2.08318554827961,-1.84691064312664,0.769434359178323,166
38,4305915,4306078,-1.32881396624836,-1.09538574078289,-1.0,164
38,4306417,4306459,-0.61429589984211,-0.55309228375164,-1.0,43
38,4306487,4306606,-0.5146618666389849,-0.34386083843914006,0.21333192498286477,120
38,4307003,4307140,0.21978295757976507,0.4162041029671099,0.18605367527328548,138
38,4307426,4307548,0.821856688048515,0.996927979920235,-0.5753869312126917,123
38,4307910,4308016,1.510754637267265,1.66305224749836,0.26528975131945326,107
38,4308366,4308457,2.15979882672039,2.290746339295235,-0.3240348650021463,92
38,4308537,4308584,2.40319042828289,2.471510987732735,-1.0,48
38,4308769,4308818,2.733406004454765,2.804572999451485,-1.0,50
38,4308834,4308994,2.8259233384391402,3.055081300232735,-1.0,161
38,4309284,4309397,3.466427488829765,3.62868847796711,-0.41790527697705593,114
38,4309896,4309953,4.33751318218914,4.42006689593586,-0.12729069443263258,58
38,4309955,4310008,4.421490477111015,4.498350831482735,-0.12729069443263258,54
38,4310322,4310467,4.943857176329765,5.15166504046711,-0.37336141956500657,146
38,4310821,4310925,5.65410497906414,5.80355615374836,-0.49264108762574493,105
38,4311245,4311328,6.257602293517265,6.37716308734211,-1.0,84
38,4311352,4311462,6.4099001450797655,6.56789111468586,0.1092063411843298,111
38,4311875,4311970,7.154308348204765,7.2909492201546096,-0.8336657609340996,96
38,4312019,4312069,7.35926952984539,7.431860108826485,-1.0,51
38,4312378,4312535,7.87024951031414,8.09513769671711,-0.05933788642222174,158
38,4312575,4312622,8.150648191954765,8.218968507263986,-1.0,48
38,4312642,4312689,8.246011961486015,8.31433252093586,-1.0,48
38,4312708,4312760,8.33995263531414,8.415389893982734,-1.0,53
38,4312828,4312928,8.51075390484539,8.654511476013985,-0.38181702494899394,101
38,4312930,4312966,8.655934813048516,8.708598390076485,-0.38181702494899394,37
38,4313009,4313064,8.76837890484539,8.84808593890461,-1.0,56
38,4313152,4313192,8.971916746642265,9.03027392718586,-1.0,41
38,4313285,4313403,9.161221434142265,9.33059912249836,-1.0,119
38,4313439,4313508,9.380416258361015,9.480050050232736,-1.0,70
38,4313511,4313587,9.482896727111015,9.59249414202961,-1.0,77
38,4313618,4313850,9.635194578673515,9.966833253357734,0.4930509425406452,233
38,4313891,4313987,10.02376708843914,10.161831300232736,0.3142846208702846,97
38,4314013,4314077,10.197414793517265,10.28993213031086,-0.984476065030806,65
38,4314168,4314261,10.418032957579765,10.55182714984211,0.958860114721106,94
38,4314463,4314517,10.83791894390789,10.916202882263985,-0.3181262322343601,55
38,4314865,4314900,11.410102781798516,11.461343018982735,-0.7281469593167429,36
38,4314902,4314935,11.462766356017266,11.51116015765461,-0.7281469593167429,34
38,4315432,4315474,12.21713818218914,12.27834179827961,-1.0,43
38,4315682,4315879,12.57297363140789,12.854795655701485,-0.6200118865701368,198
38,4315881,4315995,12.856218992736014,13.01990332171711,-0.6200118865701368,115
38,4316788,4316841,14.147190672423514,14.22405127093586,-1.0,54
38,4317380,4317428,14.98980956890789,15.05955322406086,-1.0,49
38,4317874,4317920,15.69294091656414,15.75983789202961,-1.0,47
38,4318293,4318336,16.28932128765789,16.351948487732734,-1.0,44
38,4318609,4318680,16.73909765484539,16.841578370545236,-1.0,72
38,4318835,4318851,17.060773191954766,17.084969972107736,-1.0,17
38,4318853,4318901,17.086393309142267,17.156136964295236,-1.0,49
38,4319340,4319542,17.77956103375164,18.068499757263986,-0.14657787166743594,203
38,4319559,4319629,18.091273191954766,18.19233056781086,-1.0,71
38,4319657,4319745,18.23076074078289,18.357438233826485,-1.0,89
38,4320027,4320198,18.75739745953289,19.00221240374836,1.0,172
38,4320200,4320406,19.00363574078289,19.298267823670233,1.0,207
39,4368742,4368790,-20.0,-19.930721434142264,0.2980240047841011,49
39,4369205,4369244,-19.34145752093586,-19.284523680236013,0.14974980242756153,40
39,4369246,4369337,-19.283100343201486,-19.15215283062664,0.14974980242756153,92
39,4369564,4369614,-18.83047754046711,-18.757886961486015,-1.0,51
39,4369693,4369882,-18.64686621234211,-18.37643115093914,0.21821240903057004,190
39,4370271,4370474,-17.824174073670235,-17.533812254454766,0.21102998100716316,204
39,4370982,4371029,-16.812177491638984,-16.743857176329765,0.4205865541777727,48
39,4371031,4371045,-16.742433839295234,-16.721083738829766,0.4205865541777727,15
39,4371047,4371204,-16.719660401795235,-16.494772215392263,0.4205865541777727,158
39,4371681,4371874,-15.817260987732736,-15.541132566954765,0.29520122323153125,194
39,4372137,4372162,-15.16821679827961,-15.13120995953289,-1.0,26
39,4372164,4372189,-15.12978662249836,-15.092779539611016,-1.0,26
39,4372292,4372476,-14.94759863421711,-14.68428027203289,0.12334796678051523,185
39,4372615,4372663,-14.48785888812336,-14.41811523297039,-1.0,49
39,4372847,4373007,-14.15764355609211,-13.92848535015789,0.08252774715661663,161
39,4373386,4373547,-13.39046191546711,-13.15988036968914,-0.2136605230194417,162
39,4373949,4373990,-12.589119874451486,-12.529339598204764,-1.0,42
39,4374024,4374168,-12.48236914202961,-12.275984617736015,-0.12187291846139793,145
39,4374417,4374449,-11.92299560687336,-11.876025145079765,0.0,33
39,4374452,4374574,-11.873178468201486,-11.69810742047039,0.0,123
39,4374919,4375170,-11.20847754046711,-10.849795164611015,0.5215911191845082,252
39,4375200,4375265,-10.808518311951484,-10.71457763531414,-1.0,66
39,4375391,4375437,-10.536659913513985,-10.46976269390789,-1.0,47
39,4375500,4375634,-10.381515382263984,-10.18936425640789,0.1362352457332956,135
39,4376047,4376210,-9.602947022888985,-9.369518797423515,-0.3135905955905214,164
39,4376259,4376360,-9.301198487732735,-9.156017332579765,-1.0,102
39,4376400,4376499,-9.100507081482736,-8.95817285015789,-1.0,100
39,4376608,4376655,-8.804451905701486,-8.73613134625164,-1.0,48
39,4376684,4376841,-8.69627783343586,-8.47138964703289,0.1784698554157876,158
39,4376912,4376955,-8.371755616638985,-8.309128660704765,-0.8839041141866857,44
39,4377186,4377374,-7.98175976702961,-7.71274804547039,0.1874638810768293,189
39,4377707,4377893,-7.24019824359211,-6.97403320172039,0.04361692393135892,187
39,4378223,4378420,-6.50575341937336,-6.22393163922039,0.2527016020361322,198
39,4378449,4378508,-6.184077882263985,-6.0986774888297655,-1.0,60
39,4378597,4378794,-5.97342334124836,-5.691601316954765,-0.631135875837469,198
39,4379076,4379120,-5.29164209124836,-5.22759179547039,-1.0,45
39,4379303,4379416,-4.96854345843586,-4.80628222515789,-0.024181327130228417,114
39,4379765,4379896,-4.31095898577961,-4.123077879454765,0.011508991542687254,132
39,4380262,4380443,-3.60355761859211,-3.34450927593914,0.06705289618795507,182
39,4380538,4380578,-3.210715089295235,-3.152358152892265,-0.8699105941760491,41
39,4380801,4380997,-2.83637597796711,-2.55597753765789,0.023721244547851236,197
39,4381331,4381549,-2.08200439593586,-1.7702924790641401,-0.25904350143512744,219
39,4381685,4381707,-1.57814111468586,-1.54540429547039,-1.0,23
39,4381709,4381763,-1.54398095843586,-1.465697020079765,-1.0,55
39,4381882,4382066,-1.29774267718586,-1.0344243150016401,-0.13326546507600726,185
39,4382458,4382655,-0.4778972182014849,-0.19607543804851507,-0.17112140613172772,198
39,4383004,4383145,0.2992478013297651,0.501362550232735,-0.17968574269566803,142
39,4383319,4383384,0.7476008286735151,0.841541261170235,-1.0,66
39,4383450,4383481,0.93405859234539,0.979605714295235,-0.023944606054706885,32
39,4383483,4383634,0.981029051329765,1.19737695452961,-0.023944606054706885,152
39,4383737,4383788,1.342557859923515,1.41657177874836,-1.0,52
39,4383992,4384149,1.7055102525016401,1.93039843890461,0.14830920926034635,158
39,4384491,4384559,2.41575829937664,2.513968995545235,-0.03155994845541138,69
39,4384932,4385087,3.043452391173515,3.265493897888985,0.005146206552169617,156
39,4385427,4385534,3.748007078673515,3.90172802874836,-0.43373639178330914,108
39,4385631,4385681,4.038368895079765,4.11095947406086,-1.0,51
39,4385876,4386105,4.38708788922039,4.714456788513985,-0.7941468904607655,230
39,4386164,4386215,4.797010496642265,4.87102441546711,-1.0,52
39,4386416,4386437,5.15569286968914,5.187006593201485,-0.46143007185095253,22
39,4386440,4386544,5.189853270079765,5.33930420062336,-0.46143007185095253,105
39,4386611,4386698,5.433244871642265,5.55849902484211,-1.0,88
39,4386797,4386842,5.697986570861015,5.763460206482735,-1.0,46
39,4386859,4387006,5.786233641173515,5.996888429138985,-0.7724846387613407,148
39,4387449,4387686,6.62600585797039,6.964761476013985,-0.08366109780750453,238
39,4387995,4388128,7.40315087750164,7.59387890765461,0.20733589743428815,134
39,4388212,4388227,7.712016356017265,7.734789796326485,-1.0,16
39,4388230,4388258,7.737636473204765,7.77891357562336,-1.0,29
39,4388444,4388634,8.04223193218914,8.31409033343586,-0.3197872500944291,191
39,4388913,4389048,8.709779539611015,8.903354249451485,-0.3096563042671228,136
39,4389459,4389594,9.486924559142265,9.680499268982736,-0.09648378498895566,136
39,4390164,4390299,10.490381102111016,10.683955811951485,-0.21535974525329316,136
39,4390532,4390577,11.01417138531414,11.07964502093586,-1.0,46
39,4390803,4390853,11.399897215392265,11.472487550232735,-0.8514559322968044,51
39,4391198,4391298,11.962117430236015,12.10587500140461,0.0387681539391448,101
39,4391533,4391635,12.438937254454766,12.58554150531086,-1.0,103
39,4391660,4391891,12.619701902892265,12.949917237732736,-0.021776811303130084,232
39,4392109,4392159,13.25878271343914,13.33137304827961,-1.0,51
39,4392379,4392387,13.643085203673515,13.655895265076484,-0.16582060418832267,9
39,4392389,4392569,13.657318602111015,13.914943604920236,-0.16582060418832267,181
39,4392631,4392724,14.00176757672039,14.135561768982734,-1.0,94
39,4392876,4392983,14.350486570861015,14.50420752093586,0.22064691276729514,108
39,4392986,4393001,14.50705419781414,14.52982763812336,0.22064691276729514,16
39,4393359,4393588,15.03796093609539,15.365329835388986,0.2958187600979663,230
39,4394031,4394159,15.99444726422039,16.178058351013984,0.2572843105483073,129
39,4394161,4394215,16.179481688048515,16.25776562640461,0.2572843105483073,55
39,4394586,4394719,16.78440234234539,16.97513037249836,0.41300405356411657,134
39,4394883,4394934,17.20713525250164,17.28114892718586,-1.0,52
39,4395113,4395289,17.53450390484539,17.78643554827961,0.20712755324273266,177
39,4395529,4395570,18.126614500548516,18.18639502093586,-1.0,42
39,4395591,4395633,18.21486181500164,18.27606543109211,-1.0,43
39,4395717,4395846,18.394202879454767,18.579237550232737,-0.0401027521138602,130
39,4395848,4395876,18.580660887267264,18.621937745545235,-0.0401027521138602,29
39,4396180,4396329,19.053210691954764,19.26671191546711,-0.16563212803990127,150
39,4396632,4396808,19.69656152203289,19.94849316546711,0.11097097776790754,177
40,4445021,4445134,-19.821310792420235,-19.65904980328289,0.009247338763192874,114
40,4445384,4445443,-19.304637452576486,-19.21923681500164,-1.0,60
40,4445465,4445658,-19.18934668109211,-18.91321826031414,-0.22950594409182953,194
40,4446035,4446174,-18.37804150531086,-18.17877343609539,0.37172681687247777,140
40,4446550,4446716,-17.64502002093586,-17.40732177593914,-0.1627438456374275,167
40,4447067,4447263,-16.90915185687336,-16.62875341656414,-0.08624782919301552,197
40,4447608,4447763,-16.13912353656086,-15.91708202984539,0.19091124674999974,156
40,4448115,4448292,-15.41748877093586,-15.16413378765789,0.5280595681719155,178
40,4448390,4448440,-15.026069581482735,-14.95347900250164,-1.0,51
40,4448476,4448531,-14.90366211077961,-14.823954832579766,-1.0,56
40,4448653,4448689,-14.65173047015461,-14.599066648986016,0.4326723696823182,37
40,4448692,4448731,-14.596219972107734,-14.539286375548516,0.4326723696823182,40
40,4448733,4448849,-14.537863038513985,-14.371331785704765,0.4326723696823182,117
40,4449177,4449324,-13.90589892718586,-13.69524413922039,-0.5276438584571904,148
40,4449326,4449367,-13.69382080218586,-13.634040281798516,-0.5276438584571904,42
40,4449745,4449953,-13.097440186951484,-12.799961668517264,-0.25114814383967216,209
40,4450067,4450121,-12.639123780701485,-12.560840086486015,-1.0,55
40,4450163,4450228,-12.50248291156086,-12.408542234923514,-1.0,66
40,4450310,4450504,-12.29325146624836,-12.01569970562664,0.0,195
40,4450506,4450601,-12.01427636859211,-11.877635496642265,0.0,96
40,4451065,4451106,-11.21862793109211,-11.158847410704764,0.10880826540827672,42
40,4451108,4451228,-11.157424073670235,-10.98519970562664,0.10880826540827672,121
40,4451540,4451688,-10.54254004046711,-10.330462156798514,0.3509770133793185,149
40,4451690,4451740,-10.329038819763985,-10.25644824078289,0.3509770133793185,51
40,4451752,4451806,-10.24079150531086,-10.162507566954766,-1.0,55
40,4452008,4452050,-9.876415772888985,-9.81521191265789,-1.0,43
40,4452169,4452288,-9.647257569763985,-9.47645654156414,0.09885631677249324,120
40,4452290,4452375,-9.47503320452961,-9.352625731017264,0.09885631677249324,86
40,4452720,4452807,-8.862995851013984,-8.73774169781414,-0.35077010117613283,88
40,4452809,4452981,-8.73631836077961,-8.49008007672039,-0.35077010117613283,173
40,4453257,4453415,-8.098660890076484,-7.872349363829765,0.4270194193053865,159
40,4453805,4453812,-7.31866894671711,-7.30728222515789,0.4701251663669971,8
40,4453814,4453988,-7.30585888812336,-7.05677392437664,0.4701251663669971,175
40,4454338,4454549,-6.56002734515461,-6.25827880718914,-0.23081002192577152,212
40,4454739,4454787,-5.98926709124836,-5.919523191954765,-1.0,49
40,4455046,4455265,-5.55230078265461,-5.239165281798515,0.0752743789521684,220
40,4455295,4455349,-5.197888429138985,-5.119604734923515,-1.0,55
40,4455657,4455842,-4.682638429138985,-4.417896727111015,0.3418833669669139,186
40,4455844,4455862,-4.416473390076485,-4.389429930236015,0.3418833669669139,19
40,4456383,4456441,-3.649291749451485,-3.56531445172039,0.684680614186468,59
40,4456443,4456498,-3.56389111468586,-3.484183836486015,0.684680614186468,56
40,4456834,4456928,-3.007364015076485,-2.87214648297039,-0.17702613419014776,95
40,4456931,4457074,-2.8692998060921098,-2.664338621642265,-0.17702613419014776,144
40,4457252,4457307,-2.412406983826485,-2.33269970562664,-1.0,56
40,4457409,4457614,-2.188942140076485,-1.89573339703289,-0.09190352394331484,206
40,4457996,4458182,-1.3534399428108599,-1.08727490093914,0.4699243449846632,187
40,4458384,4458428,-0.80118310687336,-0.737132566954765,-1.0,45
40,4458584,4458765,-0.516514405701485,-0.2574660630485151,0.4357169288882568,182
40,4459110,4459253,0.23216381695476507,0.4371250014046099,0.20132440325058756,144
40,4459304,4459351,0.508292234923515,0.57661279437336,-1.0,48
40,4459557,4459601,0.86839794781414,0.93244824359211,-1.0,45
40,4459628,4459762,0.969455320861015,1.1616064467171099,-0.32964337914631253,135
40,4459891,4459935,1.34379443218914,1.40784472796711,-1.0,45
40,4460184,4460298,1.760833738829765,1.92451806781086,0.31703825080532905,115
40,4460709,4460802,2.508088621642265,2.6418828139046098,-0.27991548260717547,94
40,4461221,4461331,3.236840086486015,3.39483105609211,-0.07082688907797388,111
40,4461399,4461449,3.4901950669547652,3.56278564593586,-1.0,51
40,4461701,4461838,3.920044676329765,4.11646582171711,-0.187931844963792,138
40,4461975,4462025,4.31004052593914,4.38263086077961,-1.0,51
40,4462072,4462125,4.448104734923515,4.524965089295235,-1.0,54
40,4462223,4462359,4.663029539611015,4.85802734515461,-0.6969232452888721,137
40,4462575,4462628,5.1640461411735155,5.240906495545235,-1.0,54
40,4462720,4462833,5.37043066265789,5.53269189593586,0.06683577832714559,114
40,4463033,4463086,5.81593701031414,5.892797608826485,-1.0,54
40,4463138,4463254,5.965387938048515,6.13191894671711,-0.44632166131605744,117
40,4463754,4463800,6.84216699078289,6.909064210388985,-1.0,47
40,4463946,4464078,7.11544872906414,7.30475341937336,-0.19637131800261082,133
40,4464523,4464607,7.936717527892265,8.05770166156086,-0.34235827988206985,85
40,4464803,4464850,8.33525341656414,8.403573976013986,-1.0,48
40,4464942,4465042,8.53309814312664,8.676855714295234,-0.4075566668215195,101
40,4465396,4465501,9.179295652892264,9.33016992327961,-1.0,106
40,4465514,4465672,9.34724999859539,9.573561524842109,-0.35496050395666895,159
40,4465689,4465770,9.59633495953289,9.713049073670234,-1.0,82
40,4465830,4465983,9.79702636578289,10.01622119281086,0.018397597324499703,154
40,4466075,4466308,10.145745359923515,10.47880761859211,0.7380812689880069,234
40,4466385,4466582,10.58698144390789,10.868803468201484,-0.240960972798819,198
40,4467142,4467205,11.664451902892266,11.75554589984211,-0.15064325695532058,64
40,4469175,4469226,14.558107664611015,14.632121339295235,-1.0,52
40,4469440,4469485,14.93529345562664,15.00076709124836,-1.0,46
40,4469487,4469492,15.00219042828289,15.01073047015461,-1.0,6
40,4470302,4470350,16.16221484234539,16.23195849749836,-1.0,49
40,4471578,4471618,17.97839990093914,18.036757081482737,-1.0,41
40,4472271,4472427,18.96477636578289,19.18824121234211,0.8073731552875594,157
40,4472429,4472558,19.18966454937664,19.37469922015461,0.8073731552875594,130
40,4472684,4472743,19.552616941954764,19.63801757952961,-1.0,60
41,4537616,4537665,-19.95289795062336,-19.881730711486014,-0.2492661562858282,50
41,4537667,4537780,-19.880307374451483,-19.71804638531414,-0.2492661562858282,114
41,4538059,4538185,-19.322357179138987,-19.141592527892264,0.37074226931162113,127
41,4538276,4538320,-19.01349170062336,-18.94944140484539,-1.0,45
41,4538460,4538502,-18.75159668109211,-18.69039306500164,-1.0,43
41,4538581,4538737,-18.579372315857736,-18.355907469298515,0.18805996511418616,157
41,4539065,4539160,-17.890474366638983,-17.75383349468914,0.13156642820184483,96
41,4539163,4539216,-17.75098681781086,-17.674126219298515,0.13156642820184483,54
41,4539507,4539675,-17.26135693499836,-17.02081201031414,0.34095401562491773,169
41,4539703,4539752,-16.98238183734211,-16.911214598204765,-1.0,50
41,4539869,4539911,-16.74610693499836,-16.684903074767266,-1.0,43
41,4539982,4540047,-16.585269288513985,-16.49132861187664,0.5285401993215395,66
41,4540050,4540150,-16.48848193499836,-16.344724363829766,0.5285401993215395,101
41,4540479,4540615,-15.877867921326486,-15.682869871642264,0.6296252320851758,137
41,4540968,4541105,-15.181853272888985,-14.98543212750164,0.07410647487121189,138
41,4541531,4541628,-14.380511476013986,-14.24102392437664,0.2388070742956115,98
41,4541983,4542090,-13.73716064593586,-13.58343945172039,0.5936942266014295,108
41,4542448,4542606,-13.07530615374836,-12.84899462750164,0.24834830980080888,159
41,4542783,4542827,-12.59848632952961,-12.53443603375164,-1.0,45
41,4542961,4543014,-12.34513134906086,-12.26827099468914,-0.02494589890881476,54
41,4543016,4543114,-12.26684765765461,-12.125936766173515,-0.02494589890881476,99
41,4543192,4543234,-12.01633935687336,-11.955135496642265,-1.0,43
41,4543496,4543616,-11.58364306781086,-11.411418699767266,0.22966937197015547,121
41,4543941,4544078,-10.950255616638986,-10.75383447125164,0.7006979259028723,138
41,4544253,4544300,-10.50617285296711,-10.437852293517265,-1.0,48
41,4544467,4544526,-10.201577393982735,-10.11617675640789,-1.0,60
41,4544588,4544731,-10.02935302874836,-9.82439160015789,0.6580218279115492,144
41,4544784,4544799,-9.750377686951484,-9.727604246642265,-1.0,16
41,4544801,4544838,-9.726180909607734,-9.672093992736015,-1.0,38
41,4545053,4545102,-9.36749853656086,-9.29633154156414,-1.0,50
41,4545134,4545280,-9.252207765076484,-9.04297656109539,0.0,147
41,4545577,4545719,-8.62166699359211,-8.418129148986015,0.5662406385068507,143
41,4546064,4546180,-7.928499268982735,-7.761968016173515,0.4021936643599591,117
41,4546540,4546575,-7.250988038513985,-7.199747801329765,0.45538018464757957,36
41,4546577,4546640,-7.198324464295235,-7.10723046734539,0.45538018464757957,64
41,4546660,4546724,-7.08018701312336,-6.987669676329765,-1.0,65
41,4547112,4547156,-6.436836183045235,-6.37278564312664,-1.0,45
41,4547195,4547310,-6.31869873187336,-6.15359081890789,0.31085465372733634,116
41,4547357,4547445,-6.08811718890461,-5.961439695861015,-1.0,89
41,4547681,4547774,-5.62695410296711,-5.493159910704765,-1.0,94
41,4547957,4548115,-5.234111573670235,-5.007800047423515,-0.010282207682797456,159
41,4548414,4548532,-4.58364404437336,-4.41426611187664,0.08499696593086857,119
41,4548853,4548942,-3.958796632263985,-3.83069579937664,0.07705559409599681,90
41,4548945,4548993,-3.82784912249836,-3.758105223204765,0.07705559409599681,49
41,4549377,4549434,-3.212965089295235,-3.13041113140789,-0.2559082429760386,58
41,4549436,4549507,-3.12898779437336,-3.026507078673515,-0.2559082429760386,72
41,4549837,4550001,-2.558227296326485,-2.323375731017265,-0.6259123094503084,165
41,4550103,4550146,-2.17961816546711,-2.11699120953289,-0.7416738965210695,44
41,4550219,4550261,-2.014510499451485,-1.95330663922039,-1.0,43
41,4550731,4550883,-1.285759034607735,-1.067987547423515,-0.11528604860870212,153
41,4551113,4551156,-0.7420422377327349,-0.67941503765789,-1.0,44
41,4551256,4551375,-0.5385041517952349,-0.3677031235953901,0.3173861422262517,120
41,4551449,4551495,-0.2637990736702349,-0.19690185406414007,-1.0,47
41,4551601,4551663,-0.047450929138984924,0.042219727967109925,-0.9079960805346782,63
41,4551693,4551738,0.08349658062664006,0.14897046038898493,-1.0,46
41,4551946,4552038,0.4436022935172651,0.57597314593586,0.11334456125252408,93
41,4552124,4552180,0.696957273986015,0.7780878920296099,-1.0,57
41,4552182,4552182,0.77951122906414,0.78093457171711,-1.0,1
41,4552301,4552352,0.948888914611015,1.02290283343586,-1.0,52
41,4552370,4552521,1.04709960797039,1.26344775531086,0.07666264769927233,152
41,4552849,4552940,1.728880613829765,1.85982812640461,-0.018530764176613677,92
41,4553047,4553101,2.01070263531414,2.08898632952961,-1.0,55
41,4553312,4553452,2.387888426329765,2.58857959124836,-0.12653600980215843,141
41,4553938,4554095,3.27890087750164,3.50378906390461,-0.19870826048539517,158
41,4554566,4554615,4.172760008361015,4.24392724749836,-0.49387626207454266,50
41,4554617,4554731,4.24535058453289,4.409034913513985,-0.49387626207454266,115
41,4554761,4554845,4.450311766173515,4.57129589984211,-1.0,85
41,4554955,4555002,4.72644042828289,4.79476074359211,-1.0,48
41,4555215,4555368,5.096509520079765,5.31570410296711,-0.3423106707180282,154
41,4555404,4555461,5.365521238829765,5.448074952576485,-1.0,58
41,4555574,4555630,5.607489500548515,5.688619874451485,-1.0,57
41,4555847,4555933,5.99606201031414,6.119892823670235,0.31244723360117516,87
41,4556381,4556651,6.75612695172039,7.141852784607735,0.0575553460098689,271
41,4556687,4556752,7.19166992047039,7.28561035296711,-1.0,66
41,4557162,4557254,7.867757566954765,8.00012841937336,0.2615824880332891,93
41,4557333,4557381,8.111149168517265,8.18089306781086,-1.0,49
41,4557446,4557488,8.27198681500164,8.333190675232736,-1.0,43
41,4557644,4557858,8.553808836486015,8.859827393982735,0.5410651849025695,215
41,4558054,4558116,9.137379148986016,9.22704980609211,-0.21052562773747732,63
41,4558129,4558180,9.24412988140789,9.318143800232734,-0.7587405217220219,52
41,4558204,4558246,9.350880613829766,9.412084229920236,0.5607073537534039,43
41,4558260,4558592,9.43058788922039,9.904560792420234,0.4911422616956437,333
41,4558621,4558696,9.94441454937664,10.052588624451484,1.0,76
41,4558770,4558852,10.15649267437664,10.27462988421711,0.8329617994693214,83
41,4558889,4559002,10.325870359923515,10.48813134906086,0.6099481867279297,114
41,4559094,4559281,10.617655516173516,10.885243897888985,0.379752806251882,188
41,4559474,4559594,11.15852587750164,11.330750245545236,0.5856726660189815,121
41,4559757,4559899,11.561331785704764,11.764869874451485,-0.6002567794770532,143
41,4560337,4560441,12.38687060406414,12.536321534607735,0.987727109848133,105
41,4560513,4560560,12.63737890484539,12.70569922015461,-1.0,48
41,4560682,4560778,12.87792382672039,13.015988038513985,-1.0,97
41,4560816,4560869,13.068651609923515,13.14551220843586,-0.8141992298061812,54
41,4561204,4561324,13.62090869000164,13.793133058045235,-1.0,121
41,4561735,4561815,14.37670361187664,14.491994386170235,-1.0,81
41,4562419,4562495,15.35027001812664,15.45986718890461,-1.0,77
41,4562733,4562788,15.797199461486015,15.87690673968586,-1.0,56
41,4562871,4562928,15.993620848204765,16.076174561951486,-1.0,58
41,4563254,4563347,16.538760984923513,16.67255517718586,0.10681189099532096,94
41,4563349,4563425,16.67397851422039,16.783575929138983,0.10681189099532096,77
41,4563888,4563976,17.44116015484539,17.567837647888986,-1.0,89
41,4564234,4564282,17.93363671734539,18.003380616638985,-1.0,49
41,4564791,4564849,18.726438719298514,18.810415772888984,-0.6299150184602156,59
41,4565023,4565046,19.056654051329765,19.09081445452961,-1.0,24
41,4565048,4565065,19.09223779156414,19.11785791156086,-1.0,18
41,4565346,4565531,19.516393797423515,19.781135499451484,0.410149681821901,186
41,4565580,4565651,19.84945605328289,19.951936768982733,-1.0,72
41,4565668,4565685,19.974710203673514,20.0,-1.0,18
42,4619652,4619778,-19.97556005999836,-19.79479540875164,0.10754336038491202,127
42,4619781,4619784,-19.79194873187336,-19.78625536968914,0.10754336038491202,4
42,4620111,4620193,-19.322245851013985,-19.20410839703289,0.02089062689084667,83
42,4620593,4620709,-18.636194581482734,-18.46966357281414,0.23491977372639072,117
42,4620712,4620732,-18.46681689593586,-18.43692675640789,0.23491977372639072,21
42,4621112,4621281,-17.897479737732734,-17.655511473204765,0.2960300470798283,170
42,4621308,4621351,-17.618504640076484,-17.55587744000164,-1.0,44
42,4621991,4622151,-16.646361573670234,-16.417203367736015,0.2476698227966808,161
42,4622450,4622489,-15.99304736468586,-15.936113523986014,0.26938460524147684,40
42,4622491,4622602,-15.934690186951485,-15.77527587750164,0.26938460524147684,112
42,4622914,4623055,-15.33261621234211,-15.130501707579764,0.012670663543938396,142
42,4623404,4623530,-14.635178468201484,-14.454413816954766,0.15705864658439359,127
42,4623864,4624011,-13.980440675232735,-13.76978613140789,-0.008524513179152243,148
42,4624179,4624233,-13.53208789202961,-13.453803953673516,-1.0,55
42,4624551,4624690,-13.00260449359211,-12.80333642437664,0.0,140
42,4624744,4624800,-12.727899171326484,-12.646768797423515,-1.0,57
42,4625091,4625244,-12.233999268982735,-12.01480468609539,-0.12909055679433146,154
42,4625603,4625768,-11.505247804138985,-11.26897314312664,0.2858856145189381,166
42,4626246,4626371,-10.59003857562336,-10.410697508361014,0.1462965349273756,126
42,4626662,4626907,-9.997927979920235,-9.64778564312664,-0.3060420102046397,246
42,4627009,4627091,-9.504028077576486,-9.38589062359539,-1.0,83
42,4627233,4627421,-9.185199464295234,-8.916187742736016,0.16563752867181664,189
42,4627652,4627703,-8.58881884906086,-8.514804930236014,-1.0,52
42,4627814,4628045,-8.35823730609211,-8.028021727111016,-0.06884185000293638,232
42,4628578,4628715,-7.270803468201485,-7.07438232281414,0.24281262957127117,138
42,4629032,4629098,-6.62460595843586,-6.529241941954765,-1.0,67
42,4629134,4629331,-6.479425050232735,-6.197603270079765,0.5169168501296973,198
42,4629576,4629587,-5.85030761859211,-5.83322753765789,-1.0,12
42,4629589,4629627,-5.83180420062336,-5.776293699767265,-1.0,39
42,4629826,4629893,-5.494471925232735,-5.39768456890789,-1.0,68
42,4629945,4630140,-5.32509423968586,-5.046118895079765,0.47571137580866163,196
42,4630152,4630194,-5.030462159607735,-4.969258543517265,-1.0,43
42,4630196,4630235,-4.967835206482735,-4.91090136578289,-1.0,40
42,4630330,4630414,-4.777107179138985,-4.65612304547039,-1.0,85
42,4630431,4630616,-4.63334961077961,-4.36860790875164,-0.014351156369487778,186
42,4630981,4631174,-3.85051123187336,-3.574382566954765,0.2630288362905845,194
42,4631560,4631732,-3.026395753357735,-2.780157469298515,0.5396753409158609,173
42,4631775,4631870,-2.72037695452961,-2.583736082579765,-1.0,96
42,4632070,4632181,-2.300490968201485,-2.14107665875164,-1.0,112
42,4632268,4632488,-2.018669190857735,-1.70411035015789,0.04774181435515467,221
42,4633018,4633157,-0.95116211077961,-0.751894285704765,0.35027242783632767,140
42,4633159,4633190,-0.750470948670235,-0.70492382672039,0.35027242783632767,32
42,4633438,4633479,-0.35335815570148493,-0.2935778794547651,-1.0,42
42,4633653,4633839,-0.047339601013984926,0.21882544085773492,-0.06950371463072799,187
42,4633881,4633941,0.2771826157828901,0.36400634906085994,-1.0,61
42,4634257,4634485,0.81235937359539,1.138304933045235,0.15358167762969224,229
42,4634519,4634606,1.185275145079765,1.31052929827961,-1.0,88
42,4634968,4635080,1.82435595562664,1.98519384906086,-0.5299076827103483,113
42,4635502,4635521,2.58442089703289,2.612887940857735,-0.21548231935567513,20
42,4635523,4635617,2.614311277892265,2.74952880999836,-0.21548231935567513,95
42,4635879,4635928,3.121021238829765,3.192188233826485,-1.0,50
42,4636021,4636132,3.32313574078289,3.48255029437336,-0.18923269648749239,112
42,4636134,4636154,3.48397363140789,3.5138637709358598,-0.18923269648749239,21
42,4636574,4636683,4.110244383361015,4.26681201312336,0.08130072756303035,110
42,4636937,4637002,4.626917723204765,4.72085839984211,-1.0,66
42,4637116,4637265,4.881696043517265,5.095197511170235,-0.30386051327517655,150
42,4637471,4637514,5.386982664611015,5.44960986468586,-1.0,44
42,4637589,4637692,5.5549370103141404,5.70296484515461,-0.43083769044456754,104
42,4638096,4638220,6.27657177593914,6.45448974749836,-0.1383085857903837,125
42,4638869,4638997,7.376815672423515,7.560427003357735,-0.23400309488862114,129
42,4639125,4639177,7.74119140484539,7.816628663513985,-1.0,53
42,4639361,4639596,8.077100340392265,8.41300927874836,0.027849033620504237,236
42,4640121,4640214,9.15884081890789,9.292635011170235,-0.9871943745690471,94
42,4640235,4640272,9.321101805236015,9.375188722107735,-0.35658795492378415,38
42,4640274,4640298,9.376612059142264,9.41219580218586,-0.35658795492378415,25
42,4640313,4640458,9.43212255718914,9.639930421326484,0.023805871712779793,146
42,4640498,4640622,9.69544091656414,9.873358643982735,0.0332615668621281,125
42,4640729,4640896,10.024233152892265,10.263354737732735,0.373446114972916,168
42,4641003,4641068,10.41422900250164,10.50816943499836,-0.015312232541787625,66
42,4641086,4641202,10.532366453673514,10.69889746234211,-0.2090722900590181,117
42,4641266,4641376,10.788568113829765,10.94655908343586,-0.2511044575058566,111
42,4641645,4641720,11.328014891173515,11.43618896624836,0.06285128704033832,76
42,4641965,4642060,11.783484617736015,11.92012548968586,0.41304814840690635,96
42,4642062,4642079,11.92154882672039,11.94716894671711,0.41304814840690635,18
42,4642081,4642139,11.94859228375164,12.032569581482734,0.41304814840690635,59
42,4643433,4643479,13.87295165875164,13.93984863421711,-1.0,47
42,4643765,4643820,14.34550146343914,14.42520849749836,-1.0,56
42,4646419,4646468,18.12305273297039,18.194219972107735,-1.0,50
42,4646797,4646817,18.66107617047039,18.690966554138985,0.25785828253210785,21
42,4646820,4647029,18.693813231017266,18.992715089295235,0.25785828253210785,210
42,4647031,4647278,18.994138426329766,19.34712744281086,0.25785828253210785,248
42,4647296,4647347,19.37132421734539,19.445338136170236,-1.0,52
42,4647622,4647737,19.83533398297039,20.0,-1.0,116
43,4711004,4711172,-19.875362061951485,-19.634817137267266,0.12830163593194202,169
43,4711233,4711311,-19.54941650531086,-19.436972410704765,-1.0,79
43,4711695,4711909,-18.891832276795235,-18.58581347515789,-1.0,215
43,4712263,4712456,-18.08337353656086,-17.80724511578289,-0.10530706820493854,194
43,4712572,4712621,-17.643560792420235,-17.57239355328289,-1.0,50
43,4712812,4712992,-17.30195849749836,-17.04433349468914,-0.14799205319850692,181
43,4713349,4713550,-16.53762353656086,-16.250108152892263,-0.691868418548733,202
43,4713879,4714074,-15.78325195452961,-15.504276609923515,0.20077637678676782,196
43,4714218,4714273,-15.30073877093586,-15.221031492736016,-1.0,56
43,4714415,4714512,-15.02034033343586,-14.88085253765789,0.07057909387638472,98
43,4714514,4714645,-14.87942920062336,-14.691548094298515,0.07057909387638472,132
43,4714711,4714771,-14.59903076312336,-14.512206785704764,-1.0,61
43,4714869,4714914,-14.37414257952961,-14.30866894390789,-1.0,46
43,4714991,4715124,-14.200494874451485,-14.009766844298515,0.6515466394988622,134
43,4715126,4715132,-14.008343507263985,-13.998380125548515,0.6515466394988622,7
43,4715193,4715252,-13.912979737732735,-13.82757910015789,-1.0,60
43,4715447,4715507,-13.55145068499836,-13.464626707579765,-1.0,61
43,4715609,4715768,-13.32086914202961,-13.09313427593914,-0.16358862063334523,160
43,4715895,4715944,-12.913793214295236,-12.84262597515789,-1.0,50
43,4716074,4716313,-12.65901464984211,-12.31741259625164,-0.3445187195210191,240
43,4716315,4716349,-12.31598925921711,-12.266172117736016,-0.3445187195210191,35
43,4716677,4716890,-11.80073925921711,-11.496143797423516,0.0,214
43,4717254,4717422,-10.979470460388985,-10.738925535704764,0.24059520314222405,169
43,4717869,4718026,-10.10411474749836,-9.87922656109539,0.25437852061143473,158
43,4718415,4718618,-9.32696972796711,-9.036607664611015,-0.30493890382437566,204
43,4718963,4719093,-8.546977784607735,-8.36052001812664,0.21613021394001858,131
43,4719444,4719618,-7.86235009906086,-7.61326513531414,-0.07956401566303879,175
43,4720063,4720266,-6.981301026795235,-6.69093896343914,-0.2206091238262064,204
43,4720659,4720812,-6.13298877093586,-5.91379394390789,0.18563219312421103,154
43,4721196,4721435,-5.36865380999836,-5.027051512267265,0.2531631859054378,240
43,4721663,4721759,-4.70395263812336,-4.565888426329765,-1.0,97
43,4721897,4722097,-4.370890382263985,-4.084798582579765,0.2589127357858893,201
43,4722547,4722799,-3.44571777484211,-3.085612059142265,-0.42722817314829464,253
43,4722971,4723022,-2.842220460388985,-2.768206785704765,-1.0,52
43,4723085,4723227,-2.67995947406086,-2.47642138531414,0.12044859117937065,143
43,4723702,4723876,-1.801757081482735,-1.552672117736015,0.32595600841419203,175
43,4724289,4724476,-0.9662548842171099,-0.69866650250164,0.009241535959175973,188
43,4724801,4725008,-0.23750341937335992,0.05855175921710993,-0.4002563622038542,208
43,4725107,4725163,0.19803930523601507,0.27916992327960993,-1.0,57
43,4725306,4725511,0.4812846665641401,0.77449316546711,0.021224310112476344,206
43,4725673,4725786,1.00365136578289,1.165912354920235,-1.0,114
43,4725788,4725851,1.167335691954765,1.25842968890461,-1.0,64
43,4726050,4726105,1.54025146343914,1.619958741638985,-1.0,56
43,4726435,4726560,2.088238523986015,2.26757959124836,-0.68510374818077,126
43,4726764,4726815,2.556518309142265,2.630531983826485,-1.0,52
43,4726917,4727055,2.77428954937664,2.97213427874836,-1.0,139
43,4727478,4727709,3.572784910704765,3.903000245545235,-0.3515639825958005,232
43,4728130,4728296,4.50080419781414,4.73850244281086,-0.7036447673055221,167
43,4728356,4728413,4.822479734923515,4.90503369281086,-1.0,58
43,4728444,4728486,4.94773388531414,5.00893750140461,-1.0,43
43,4728696,4728754,5.306416258361015,5.390393311951485,-0.04499358231035117,59
43,4728757,4728810,5.393239988829765,5.47010058734211,-0.04499358231035117,54
43,4729202,4729383,6.026627684142265,6.285676026795235,-1.0,182
43,4729704,4729849,6.74114550640789,6.94895361468586,-0.15791430637415174,146
43,4730142,4730326,7.364569578673515,7.62788818499836,-0.6676757684202482,185
43,4730731,4731044,8.20291845562664,8.64984814593586,-0.9237185744743722,314
43,4731405,4731481,9.16225146343914,9.271848878357735,-0.409119638834604,77
43,4731569,4731722,9.39567968609539,9.61487451312336,0.039062088954883334,154
43,4731847,4731911,9.791368895079765,9.88388623187336,-0.49901850212423515,65
43,4731950,4732141,9.93797314312664,10.21125488421711,-0.19497525983998407,192
43,4732209,4732397,10.306618895079765,10.575630616638986,0.001244176878314955,189
43,4732591,4732717,10.85033593609539,11.031100343201485,0.6080868265655491,127
43,4732967,4733016,11.38551269390789,11.45667968890461,-1.0,50
43,4733038,4733094,11.486570066954766,11.567700440857735,-1.0,57
43,4733166,4733385,11.66875781109539,11.981893311951485,1.0,220
43,4733994,4734053,12.84728564312664,12.93268603656086,-1.0,60
43,4734481,4734537,13.540453367736015,13.62158398577961,-1.0,57
43,4734904,4734973,14.14252734234539,14.242161378357736,-1.0,70
43,4735009,4735058,14.291978270079765,14.36314550921711,-1.0,50
43,4735140,4735185,14.478436277892264,14.543909913513986,-1.0,46
43,4735306,4735376,14.714711180236016,14.81576855609211,-1.0,71
43,4735470,4735582,14.948139402892265,15.10897705218586,-1.0,113
43,4735603,4735654,15.13744384625164,15.211457765076485,-1.0,52
43,4736515,4736574,16.435532469298515,16.520932862732735,-1.0,60
43,4736821,4736888,16.871075193907892,16.967862550232734,-1.0,68
43,4736942,4737056,17.04329980328289,17.206984132263987,0.21004840632084115,115
43,4737058,4737322,17.208407469298514,17.58559326312336,0.21004840632084115,265
43,4737612,4737642,17.996939207579764,18.04106298968586,-1.0,31
43,4737644,4737663,18.04248632672039,18.07095312640461,-1.0,20
43,4737861,4738188,18.35135156109539,18.81820800921711,0.8642313735672391,328
43,4738613,4738654,19.421705320861015,19.481485597107735,-1.0,42
43,4738791,4739018,19.675060301329765,19.99958252093586,1.0,228
44,4791479,4791521,-19.757862061951485,-19.69665820172039,-1.0,43
44,4791568,4791646,-19.63118457171711,-19.518740477111017,0.0952664569841365,79
44,4791648,4791676,-19.517317140076486,-19.476040281798515,0.0952664569841365,29
44,4791889,4791934,-19.17429150531086,-19.10881786968914,-1.0,46
44,4792006,4792126,-19.007760499451486,-18.835535887267266,-0.5668789775453058,121
44,4792471,4792591,-18.345906007263984,-18.17368163922039,-0.06415014275521268,121
44,4793034,4793139,-17.544564210388984,-17.39368994000164,0.03484908100820996,106
44,4793403,4793445,-17.019350831482736,-16.95814697125164,-1.0,43
44,4793499,4793650,-16.88270996234211,-16.66636181500164,-0.4449119327555435,152
44,4793908,4794070,-16.300562745545236,-16.068557859923516,-0.2648298606829018,163
44,4794376,4794609,-15.634438233826485,-15.301376219298515,0.14470551601853815,234
44,4794611,4794624,-15.299952882263986,-15.280026121642265,0.14470551601853815,14
44,4795031,4795161,-14.70214892718586,-14.51569091656414,-0.07072596086110305,131
44,4795310,4795365,-14.305036378357736,-14.22532910015789,-1.0,56
44,4795550,4795700,-13.96343408343586,-13.74850927593914,0.34794144696560514,151
44,4795836,4795886,-13.556358155701485,-13.48376757672039,-1.0,51
44,4796078,4796260,-13.21190918109211,-12.95143749859539,-0.41563382728355625,183
44,4796428,4796470,-12.71373925921711,-12.652535398986014,-1.0,43
44,4796580,4796628,-12.49739111468586,-12.42764745953289,-1.0,49
44,4796688,4796845,-12.343670167420235,-12.118781981017266,0.16859024443997603,158
44,4796914,4796971,-12.02199463031086,-11.93944091656414,-1.0,58
44,4797129,4797171,-11.71597607562336,-11.654772215392265,-1.0,43
44,4797211,4797447,-11.599261964295234,-11.26192968609539,0.0,237
44,4797906,4798034,-10.610038819763984,-10.426427488829765,0.15004067790416767,129
44,4798282,4798324,-10.074862061951485,-10.01365820172039,-1.0,43
44,4798485,4798607,-9.78592334124836,-9.610852293517265,0.19481924202940545,123
44,4798962,4799059,-9.106989015076485,-8.96750146343914,0.3175519640515832,98
44,4799091,4799192,-8.923377686951484,-8.77819677593914,-1.0,102
44,4799270,4799331,-8.668599366638984,-8.58035204937664,-1.0,62
44,4799396,4799525,-8.48925830218586,-8.30422363140789,0.07687713497751535,130
44,4799874,4799956,-7.80890039202961,-7.690762938048515,0.38353871420922053,83
44,4799958,4800034,-7.689339601013985,-7.57974218609539,0.38353871420922053,77
44,4800051,4800095,-7.55696875140461,-7.49291845562664,-1.0,45
44,4800436,4800561,-7.00898193499836,-6.82964062359539,0.1642536791414982,126
44,4800958,4801069,-6.26599707171711,-6.10658251812664,0.1565336566436084,112
44,4801234,4801313,-5.873154542420235,-5.7592871079703905,-1.0,80
44,4801419,4801532,-5.60983593890461,-5.447574949767265,-0.16541643058159392,114
44,4801683,4801730,-5.234073487732735,-5.165753172423515,-1.0,48
44,4801945,4802123,-4.86115771624836,-4.60637939312664,0.0758528795856196,179
44,4802549,4802747,-4.001458741638985,-3.718213621642265,-0.37737523865839523,199
44,4803104,4803217,-3.211503663513985,-3.04924267437664,-0.27297979036456044,114
44,4803596,4803761,-2.511218995545235,-2.274944090392265,0.03563739358593675,166
44,4804125,4804258,-1.758270753357735,-1.56754296734539,-0.30232240544335715,134
44,4804546,4804687,-1.15904345843586,-0.956928953673515,-0.5867864883663395,142
44,4805066,4805186,-0.41890527484210993,-0.2466809067985151,0.35583747577763863,121
44,4805202,4805259,-0.2253308119514849,-0.1427768540641401,-1.0,58
44,4805321,4805372,-0.05595312640460993,0.01806079242023493,-1.0,52
44,4805456,4805524,0.13619824078289008,0.23440893695148493,-1.0,69
44,4805586,4805703,0.32123290875164007,0.48918725726398493,-0.24655362682359772,118
44,4805986,4806042,0.89056982281414,0.971700440857735,-1.0,57
44,4806812,4806893,2.06625097515789,2.182965089295235,-0.39329435331315415,82
44,4806993,4807102,2.32387597515789,2.480443604920235,-1.0,110
44,4807105,4807127,2.483290281798515,2.516027101013985,-1.0,23
44,4807159,4807199,2.56015087750164,2.61850781390461,-1.0,41
44,4807399,4807522,2.90175292828289,3.07824755999836,-0.061358330046899584,124
44,4807972,4808058,3.717328367736015,3.84115918109211,-0.38659394469662217,87
44,4808435,4808505,4.37633593609539,4.477393311951485,-0.12655092690042735,71
44,4808561,4808629,4.55567724468914,4.653887940857735,-0.7070611963480808,69
44,4809038,4809137,5.234611570861015,5.37694580218586,-0.19827033376367736,100
44,4809377,4809428,5.717124754454765,5.79113867327961,-1.0,52
44,4809641,4809762,6.09288720562664,6.2665351576546096,-0.7591583431588176,122
44,4810089,4810170,6.730544676329765,6.84725879046711,-0.36766512186580774,82
44,4810681,4810817,7.57316357281414,7.76816162249836,-0.41752908120959487,137
44,4811555,4811664,8.81716503765789,8.973732667420235,0.004202434622860795,110
44,4811770,4811850,9.123183836486016,9.23847461077961,-1.0,81
44,4811904,4812128,9.31391161968914,9.634163819763986,0.03878029009548606,225
44,4812160,4812393,9.678287352111015,10.01134961077961,0.5291723422187343,234
44,4812408,4812421,10.03127636578289,10.05120312640461,0.953263777308714,14
44,4812424,4812729,10.05404980328289,10.48959277484211,0.953263777308714,306
44,4812834,4812926,10.637620359923515,10.76999121234211,0.10223671564598372,93
44,4813122,4813254,11.04754296734539,11.23684765765461,0.9949901903308694,133
44,4814154,4814212,12.51643261578289,12.600409913513985,0.5678636430211146,59
44,4814215,4814568,12.603256590392265,13.107119874451485,0.5678636430211146,354
44,4814973,4815017,13.68215038922039,13.74620068499836,-1.0,45
44,4815780,4815820,14.830787840392265,14.889144776795234,-1.0,41
44,4815853,4815902,14.93469189312664,15.00585888812336,-0.9215328595573138,50
44,4817143,4817170,16.770803953673514,16.810657472107735,-1.0,28
44,4817172,4817186,16.812080809142266,16.833430909607735,-1.0,15
44,4817400,4817459,17.136602781798516,17.222003419373358,-0.9883003891579621,60
44,4817534,4817576,17.327330809142264,17.388534425232734,-1.0,43
44,4817978,4818295,17.95929492047039,18.41191797015461,0.3832224146043639,318
44,4818943,4818943,19.332820555236015,19.334243897888985,0.788884170162566,1
44,4818945,4819411,19.335667234923516,20.0,0.788884170162566,467
45,4871042,4871072,-20.0,-19.956326902892265,-1.0,31
45,4871359,4871469,-19.54925097796711,-19.39125976422039,0.07399195137534477,111
45,4871710,4871750,-19.04965771624836,-18.991300535704767,-1.0,41
45,4871752,4871756,-18.989877198670236,-18.982760496642264,-1.0,5
45,4871791,4871944,-18.934366944763983,-18.715172117736014,-0.1118892805318726,154
45,4871976,4872039,-18.671048585388984,-18.57995458843914,-1.0,64
45,4872348,4872372,-18.14156494281086,-18.10598144390789,-0.579727082188439,25
45,4872374,4872426,-18.10455810687336,-18.029120848204766,-0.579727082188439,53
45,4872768,4872910,-17.543760987732735,-17.34022314312664,-0.23855795454351486,143
45,4873029,4873078,-17.17226855609211,-17.10110156109539,-1.0,50
45,4873282,4873456,-16.81216308734211,-16.56307812359539,-0.2273807976556746,175
45,4873476,4873518,-16.536034425232735,-16.474830809142265,-1.0,43
45,4873570,4873648,-16.402240235779608,-16.289796141173515,-0.9339058963512957,79
45,4873688,4873738,-16.234285890076485,-16.16169531109539,-1.0,51
45,4874130,4874223,-15.60516845843586,-15.471374266173514,-0.22412998400422493,94
45,4874564,4874702,-14.987437745545234,-14.789593016173516,0.07382317414093846,139
45,4874916,4874983,-14.486421143982735,-14.38963378765789,-1.0,68
45,4875037,4875175,-14.314196534607735,-14.11635204937664,-0.003916160792611297,139
45,4875287,4875301,-13.95836084124836,-13.93701074078289,-1.0,15
45,4875303,4875328,-13.93558740374836,-13.89858056500164,-1.0,26
45,4875487,4875684,-13.67369238421711,-13.39187060406414,0.2992749083358437,198
45,4876027,4876183,-12.90508740374836,-12.68162255718914,0.23988458199073642,157
45,4876215,4876259,-12.63749902484211,-12.573448484923516,-1.0,45
45,4876315,4876374,-12.495164796326485,-12.40976415875164,-0.7930548103413267,60
45,4876520,4876687,-12.20337939593586,-11.96425781109539,0.3166615147328738,168
45,4876702,4876769,-11.94433105609211,-11.847543699767265,-1.0,68
45,4877015,4877071,-11.498824952576484,-11.41769433453289,-0.3069337887006521,57
45,4877073,4877284,-11.41627099749836,-11.114522215392265,-0.3069337887006521,212
45,4877321,4877435,-11.063281983826485,-10.89959765484539,-1.0,115
45,4877553,4877593,-10.73306640765461,-10.67470947125164,-1.0,41
45,4877719,4877819,-10.49679150531086,-10.353033934142266,-0.26371290914317236,101
45,4878172,4878173,-9.852017335388984,-9.849170652892266,-0.15869325878913068,2
45,4878175,4878252,-9.847747315857735,-9.73672656109539,-0.15869325878913068,78
45,4878254,4878323,-9.73530322406086,-9.63566943218914,-0.15869325878913068,70
45,4878396,4878441,-9.533188722107734,-9.46771484234539,-0.9587329124147361,46
45,4878578,4878638,-9.274140382263985,-9.18731640484539,-1.0,61
45,4878685,4878737,-9.121842530701485,-9.046405516173515,-1.0,53
45,4878884,4879013,-8.838597413513986,-8.65356298687664,0.16476825105234685,130
45,4879097,4879140,-8.535425538513985,-8.47279833843914,-1.0,44
45,4879386,4879510,-8.124079347107735,-7.94616161968914,0.0,125
45,4879579,4879619,-7.849374268982735,-7.791017332579765,-1.0,41
45,4879825,4879950,-7.49923193499836,-7.319890867736015,0.028585853388510055,126
45,4880028,4880076,-7.21029345843586,-7.140549559142265,-1.0,49
45,4880299,4880517,-6.824567628357735,-6.51285546734539,0.08642621604513111,219
45,4880608,4880622,-6.384754640076485,-6.363404539611015,-1.0,15
45,4880624,4880660,-6.361981202576485,-6.309317625548515,-1.0,37
45,4880690,4880775,-6.26804052874836,-6.145633055236015,-1.0,86
45,4880842,4880894,-6.051692628357735,-5.97625536968914,-1.0,53
45,4880920,4881033,-5.94067187640461,-5.77841064312664,0.059719856400008875,114
45,4881077,4881135,-5.71720703265461,-5.633229734923515,-1.0,59
45,4881557,4881696,-5.03400244281086,-4.834734617736015,0.42027195562065794,140
45,4882081,4882328,-4.28817089984211,-3.935181883361015,0.049396239568384015,248
45,4882660,4882712,-3.46405566546711,-3.388618406798515,-1.0,53
45,4882826,4882995,-3.22778076312336,-2.98581249859539,-0.07177599692857088,170
45,4883177,4883239,-2.72818750140461,-2.638516844298515,-1.0,63
45,4883259,4883304,-2.611473390076485,-2.54599951031414,-1.0,46
45,4883562,4883588,-2.180200440857735,-2.141770262267265,0.16508587802934224,27
45,4883590,4883700,-2.140346925232735,-1.9823559556266401,0.16508587802934224,111
45,4884107,4884200,-1.404478761170235,-1.27068456890789,0.19230105603873612,94
45,4884202,4884292,-1.26926123187336,-1.139737059142265,0.19230105603873612,91
45,4884667,4884774,-0.607406983826485,-0.4536857896110151,0.0005956806321849762,108
45,4884776,4884803,-0.4522624525764849,-0.4124089341422651,0.0005956806321849762,28
45,4885016,4885084,-0.11066040179523494,-0.012449705626640072,-1.0,69
45,4885281,4885434,0.2665256333610151,0.4857202162483599,-0.0905530203060702,154
45,4885685,4885945,0.841555906798515,1.21304834124836,-0.4921925551268113,261
45,4886259,4886369,1.65855468609539,1.816545655701485,-0.010083362690402595,111
45,4886745,4886859,2.350299070861015,2.5139836439827348,-0.4803582906578809,115
45,4886957,4886997,2.65204785015789,2.71040478656086,-1.0,41
45,4887219,4887323,3.024963621642265,3.1744145521858598,-0.5226490645134494,105
45,4887389,4887481,3.266931883361015,3.39930273577961,-1.0,93
45,4887616,4887832,3.590030516173515,3.89889599749836,-0.8786806930364738,217
45,4887849,4887908,3.92166943218914,4.007070069763985,-1.0,60
45,4887985,4888096,4.1152441392203905,4.274658448670235,-1.0,112
45,4888183,4888329,4.39706591656414,4.60629736468586,-0.5596692527518377,147
45,4888477,4888524,4.815528563048515,4.88384912249836,-1.0,48
45,4888738,4888889,5.18702099468914,5.40336914202961,-0.49084646985122365,152
45,4888979,4889033,5.530046629454765,5.60833056781086,-1.0,55
45,4889107,4889276,5.712234617736015,5.954202882263985,-0.9690905973015922,170
45,4889365,4889439,6.07945702984539,6.18620752093586,-1.0,75
45,4889455,4889515,6.207557859923515,6.294381593201485,-1.0,61
45,4889518,4889551,6.297228270079765,6.34562207171711,-1.0,34
45,4889704,4889822,6.561969969298515,6.731347901795235,-0.5475552867257285,119
45,4890132,4890289,7.17116064312664,7.39604882952961,-0.3675969934860254,158
45,4890339,4890411,7.465792723204765,7.5696967787483596,-1.0,73
45,4890639,4890700,7.89279540875164,7.981042726013985,-0.2545515570335312,62
45,4890702,4890744,7.982466063048515,8.043669679138985,-0.2545515570335312,43
45,4890931,4890991,8.30841161968914,8.39523535296711,-1.0,61
45,4891042,4891091,8.466402586486016,8.537569581482735,-1.0,50
45,4891109,4891204,8.56176660015789,8.698407472107736,-0.4179131108092942,96
45,4891218,4891286,8.716910887267264,8.81512158343586,-1.0,69
45,4891509,4891628,9.13110351422039,9.30190478656086,-0.39418530754957204,120
45,4891640,4891688,9.31756152203289,9.38730517718586,-1.0,49
45,4891735,4892208,9.452779051329765,10.12744336077961,-0.3623633788300679,474
45,4892238,4892344,10.168720457579765,10.32101806781086,0.24643341022087276,107
45,4892357,4892411,10.33809814312664,10.416382081482736,-1.0,55
45,4892413,4892431,10.417805418517265,10.444848878357735,-1.0,19
45,4892489,4892571,10.525979246642265,10.64411670062336,0.0056360014826104445,83
45,4892686,4893000,10.80637792828289,11.254730714295235,-0.12307743159285599,315
45,4893131,4893199,11.439765379454766,11.53797607562336,0.5857523015507332,69
45,4893365,4893416,11.77282763531414,11.84684130999836,-1.0,52
45,4893442,4893443,11.88242480328289,11.88527148577961,0.4516947778833135,2
45,4893446,4893676,11.88811816265789,12.216910401795236,0.4516947778833135,231
45,4893678,4893693,12.218333738829765,12.241107179138986,0.4516947778833135,16
45,4894730,4894772,13.715690184142264,13.77689404437336,-1.0,43
45,4895588,4895647,14.936918211486015,15.02231884906086,-1.0,60
45,4897735,4897819,17.99283495953289,18.113819093201485,-1.0,85
45,4898599,4898639,19.22260302593914,19.28095996234211,-1.0,41
45,4898660,4898723,19.30942675640789,19.400520753357736,-1.0,64
46,4956422,4956471,-19.936454835388986,-19.86528759625164,-0.3837647144250043,50
46,4956473,4956739,-19.86386425921711,-19.483831785704766,-0.3837647144250043,267
46,4956910,4956986,-19.241863526795235,-19.13226611187664,-1.0,77
46,4957166,4957517,-18.87748779437336,-18.37647119000164,0.5027515598963668,352
46,4957567,4957607,-18.30672754046711,-18.248370359923516,-1.0,41
46,4957877,4957953,-17.86549121234211,-17.755893797423514,0.4932144011782822,77
46,4957955,4958080,-17.754470460388983,-17.57512939312664,0.4932144011782822,126
46,4958501,4958567,-16.977325440857737,-16.88196142437664,-1.0,67
46,4958632,4958815,-16.790867433045236,-16.528972410704764,0.14283580862818837,184
46,4959223,4959425,-15.949672120545236,-15.66073339703289,0.41802058760375627,203
46,4959453,4959496,-15.62230322406086,-15.55967626812664,-1.0,44
46,4959788,4960026,-15.14548339984211,-14.805304441954766,-0.13380982110432524,239
46,4960028,4960032,-14.803881104920235,-14.796764402892265,-0.13380982110432524,5
46,4960395,4960619,-14.281514405701484,-13.961262449767265,0.7163524353695121,225
46,4961066,4961248,-13.326451417420236,-13.065979734923514,0.34838741506054033,183
46,4961597,4961809,-12.570656495545235,-12.267484617736015,0.4939134677279753,213
46,4962223,4962432,-11.67964404437336,-11.38074218609539,-0.431204507930567,210
46,4962789,4962979,-10.87403222796711,-10.602173582579764,0.0,191
46,4963379,4963540,-10.034260011170234,-9.803678465392265,0.7963659266315375,162
46,4963956,4964171,-9.21299121234211,-8.90554931500164,0.8034274477080979,216
46,4964617,4964777,-8.272161866638985,-8.043003660704764,0.4273070060634366,161
46,4964779,4964832,-8.041580323670235,-7.96471972515789,0.4273070060634366,54
46,4964880,4964921,-7.89782275531086,-7.838042234923515,-1.0,42
46,4965249,4965382,-7.372609132263985,-7.18188134625164,0.16105689549210456,134
46,4965384,4965449,-7.18045800921711,-7.086517332579765,0.16105689549210456,66
46,4965484,4965543,-7.038123780701485,-6.95272314312664,-1.0,60
46,4965744,4965793,-6.66805468890461,-6.596887449767265,-1.0,50
46,4965825,4965962,-6.552763917420235,-6.356342527892265,-0.27627731405639855,138
46,4965964,4966122,-6.354919190857735,-6.128607664611015,-0.27627731405639855,159
46,4966142,4966191,-6.101564210388985,-6.03039697125164,-1.0,50
46,4966415,4966466,-5.71299170062336,-5.638977781798515,-1.0,52
46,4966532,4966778,-5.546460694763985,-5.1948950181266405,-1.0,247
46,4967137,4967148,-4.68533838031086,-4.668258055236015,-1.0,12
46,4967150,4967183,-4.666834718201485,-4.618441160704765,-1.0,34
46,4967253,4967494,-4.52023047015461,-4.175781492736015,0.3832827755455374,242
46,4967857,4968099,-3.660531495545235,-3.314659422423515,-0.21740049430962177,243
46,4968513,4968701,-2.72681884906086,-2.45780712750164,-0.9369330213525864,189
46,4968784,4968834,-2.341093018982735,-2.26850244000164,-1.0,51
46,4969125,4969181,-1.855733155701485,-1.77460253765789,-0.20104350901138682,57
46,4969183,4969301,-1.77317920062336,-1.603801512267265,-0.20104350901138682,119
46,4969660,4969874,-1.094244874451485,-0.78822607281414,0.769578469857661,215
46,4970323,4970497,-0.1505686049202349,0.09851635882648493,0.40672889304974397,175
46,4970889,4971077,0.65504345562664,0.9240551771858599,-1.0,189
46,4971243,4971302,1.15890673687664,1.24430713031086,-1.0,60
46,4971423,4971571,1.41510839703289,1.627186280701485,-1.0,149
46,4971933,4971979,2.14101318218914,2.20791015765461,-1.0,47
46,4972085,4972179,2.357361082579765,2.49257861468586,-0.6276664406302651,95
46,4972181,4972210,2.49400195172039,2.536702393982735,-0.6276664406302651,30
46,4972354,4972395,2.74024023297039,2.800020753357735,-1.0,42
46,4972440,4972485,2.862647703673515,2.92812158343586,-1.0,46
46,4972580,4972700,3.0619157700797652,3.23414013812336,-0.6530419940186933,121
46,4972839,4972887,3.43056152203289,3.500305421326485,-1.0,49
46,4973031,4973075,3.70384326031414,3.767893800232735,-0.7911028064368832,45
46,4973077,4973198,3.769317137267265,3.9429648451546098,-0.7911028064368832,122
46,4973247,4973292,4.011285398986015,4.076759034607735,-1.0,46
46,4973519,4973605,4.39843456890789,4.522265382263985,-0.41808758629644205,87
46,4973948,4974078,5.009048582579765,5.19550634906086,-1.0,131
46,4974529,4974652,5.836010496642265,6.012505128357735,-1.0,124
46,4975107,4975206,6.65870263531414,6.801036866638985,-0.8534884925369327,100
46,4975272,4975312,6.89355419781414,6.95191113421711,-1.0,41
46,4975360,4975389,7.018808348204765,7.061508546326485,-1.0,30
46,4975391,4975411,7.062931883361015,7.09282226702961,-1.0,21
46,4975532,4975659,7.263623289611015,7.44581103656086,-0.4326783433852185,128
46,4975992,4976035,7.91836083843914,7.980988038513985,-0.09386436169465606,44
46,4976037,4976146,7.982411375548515,8.13897900531086,-0.09386436169465606,110
46,4976540,4976628,8.698352781798516,8.82503027484211,-0.33140205913034704,89
46,4976631,4976745,8.82787695172039,8.991561280701484,-0.33140205913034704,115
46,4976878,4976974,9.179442625548514,9.31750683734211,0.10666132367763957,97
46,4976986,4976991,9.33316357281414,9.34170361468586,-0.37945173176444696,6
46,4976993,4977104,9.34312695172039,9.502541261170235,-0.37945173176444696,112
46,4977137,4977201,9.548088133361015,9.64060547015461,-1.0,65
46,4977270,4977546,9.737392820861015,10.13165869281086,0.6354349404634216,277
46,4977699,4977810,10.34800683453289,10.507421143982736,-1.0,112
46,4977813,4977956,10.510267820861015,10.715229249451484,-1.0,144
46,4977984,4978071,10.753659422423516,10.87891357562336,1.0,88
46,4978363,4978407,11.29310644390789,11.35715673968586,-1.0,45
46,4978545,4978662,11.55215478375164,11.720109132263985,-0.726491527484068,118
46,4978881,4978927,12.03039794781414,12.09729492327961,-1.0,47
46,4980914,4981009,14.924053465392266,15.06069433734211,-1.0,96
46,4982143,4982554,16.673341551329766,17.25975879046711,0.4414778703465598,412
46,4982556,4982573,17.26118212750164,17.28680224749836,0.4414778703465598,18
46,4983263,4983473,18.26748535015789,18.56781054827961,1.0,211
46,4983476,4983685,18.57065722515789,18.869559327576486,1.0,210
46,4984105,4984322,19.46593994000164,19.77622851702961,1.0,218
47,5044058,5044157,-19.99939795062336,-19.857063719298516,0.29084094988077624,100
47,5044509,5044711,-19.357470460388985,-19.068531981017266,-0.13806644536672516,203
47,5044761,5044809,-18.99878808734211,-18.92904443218914,-1.0,49
47,5045032,5045206,-18.613062257263984,-18.363977293517266,0.372262761592718,175
47,5045520,5045771,-17.91847119281086,-17.559788816954764,0.04852217053549451,252
47,5046086,5046101,-17.112859132263985,-17.090085691954766,0.8284921957100297,16
47,5046103,5046290,-17.088662354920235,-16.821073973204765,0.8284921957100297,188
47,5046734,5046943,-16.19053320452961,-15.891631102111015,-0.07184266348284268,210
47,5047232,5047403,-15.48170849749836,-15.23689355328289,-0.1856015302649145,172
47,5047734,5047896,-14.76719043109211,-14.53518554547039,0.4406979487956744,163
47,5047898,5047915,-14.53376220843586,-14.50814208843914,0.4406979487956744,18
47,5048245,5048394,-14.03986230609211,-13.826361082579766,0.10057404438265474,150
47,5048496,5048540,-13.682603272888985,-13.618552977111015,-1.0,45
47,5048738,5048920,-13.338154542420234,-13.077682859923515,0.27927310095613006,183
47,5049046,5049083,-12.899764893982734,-12.845677977111015,-1.0,38
47,5049085,5049087,-12.844254640076485,-12.839984617736015,-1.0,3
47,5049089,5049141,-12.838561280701486,-12.76312402203289,-1.0,53
47,5049245,5049464,-12.616519776795235,-12.30338427593914,0.23033576146975887,220
47,5049480,5049533,-12.28203418109211,-12.205173582579764,-1.0,54
47,5049752,5049912,-11.894885011170235,-11.665726805236016,0.0,161
47,5050116,5050167,-11.376788331482736,-11.30277441265789,-1.0,52
47,5050244,5050463,-11.194600343201484,-10.881465086486015,0.2791078742340751,220
47,5050775,5050818,-10.438805421326485,-10.376178465392265,-1.0,44
47,5050843,5050879,-10.34201806781086,-10.28935449078289,0.272217332057969,37
47,5050881,5051063,-10.28793115374836,-10.02745947125164,0.272217332057969,183
47,5051475,5051510,-9.442465577576485,-9.391225340392266,-0.15135676575561366,36
47,5051512,5051666,-9.389802003357735,-9.169183836486015,-0.15135676575561366,155
47,5051984,5052041,-8.717984132263984,-8.635430418517265,0.5656081541010374,58
47,5052043,5052221,-8.634007081482736,-8.379228758361014,0.5656081541010374,179
47,5052585,5052751,-7.86255517718586,-7.62485693218914,0.06183284797063047,167
47,5052864,5052917,-7.465442628357735,-7.388582273986015,-1.0,54
47,5052929,5052988,-7.37292529437336,-7.28752490093914,-0.6538603237541234,60
47,5053080,5053246,-7.158000733826485,-6.920302488829765,0.21238142205407806,167
47,5053635,5053773,-6.36804541156086,-6.170200926329765,-0.19536701110920196,139
47,5054070,5054264,-5.748891358826485,-5.471339598204765,-0.22139213768960336,195
47,5054279,5054323,-5.451412843201485,-5.38736230328289,-1.0,45
47,5054600,5054768,-4.994519776795235,-4.753974852111015,0.28284462522981035,169
47,5054808,5054848,-4.698464601013985,-4.64010742047039,-1.0,41
47,5054868,5054888,-4.61306396624836,-4.58317382672039,-1.0,21
47,5054890,5054922,-4.58175048968586,-4.534780027892265,-1.0,33
47,5055147,5055266,-4.215951417420235,-4.04515038922039,-0.22346882183989883,120
47,5055279,5055329,-4.028070069763985,-3.955479734923515,-1.0,51
47,5055369,5055420,-3.89996923968586,-3.82595556500164,-1.0,52
47,5055504,5055545,-3.707818116638985,-3.64803759625164,-1.0,42
47,5055652,5055766,-3.497163331482735,-3.33347900250164,-0.08500794121349321,115
47,5056112,5056266,-2.84242578265461,-2.62180761578289,-0.032162027653014284,155
47,5056582,5056707,-2.17345459124836,-1.994113523986015,-0.593152300308688,126
47,5057047,5057164,-1.511600343201485,-1.34364599468914,0.19314989548036227,118
47,5057290,5057331,-1.16572802874836,-1.1059477525016401,-0.811060983223513,42
47,5057531,5057695,-0.8227023939827349,-0.5878510728141401,-0.618095957941076,165
47,5058203,5058254,0.1337836900016401,0.20779760882648493,-1.0,52
47,5058276,5058375,0.2376877427360151,0.3800219740608599,0.06497896830646437,100
47,5058593,5058686,0.688887449767265,0.82268164202961,-1.0,94
47,5058754,5058874,0.918045652892265,1.09027002093586,-0.17198986738625713,121
47,5059159,5059205,1.494499266173515,1.5613964857796099,-1.0,47
47,5059252,5059385,1.62687011578289,1.8175981459358599,-0.07169388833206816,134
47,5059586,5059626,2.1022666001578902,2.160623780701485,-1.0,41
47,5059685,5059794,2.243177488829765,2.3997453627327348,0.16877086860470916,110
47,5059904,5059948,2.55488964703289,2.61893994281086,-1.0,45
47,5060003,5060052,2.695800535704765,2.7669677748421098,-0.9942965718853398,50
47,5060176,5060282,2.942038816954765,3.0943364271858598,-0.4157039103113063,107
47,5060297,5060371,3.11426318218914,3.221013917420235,-1.0,75
47,5060661,5060783,3.632360106017265,3.80743115374836,-0.011834442074798193,123
47,5060847,5060898,3.897101805236015,3.971115479920235,-1.0,52
47,5061177,5061335,4.36680468609539,4.59311621234211,-0.42374890337914367,159
47,5061721,5061847,5.141103270079765,5.32186767718586,-0.23748970163805946,127
47,5061940,5061984,5.452815184142265,5.51686572406086,-1.0,45
47,5062275,5062343,5.929635008361015,6.02784570452961,-0.64765093343439,69
47,5062608,5062665,6.403608152892265,6.48616211077961,-1.0,58
47,5062704,5062804,6.54024902203289,6.684006593201485,-1.0,101
47,5062850,5062906,6.74805712750164,6.82918750140461,-1.0,57
47,5063017,5063073,6.98575536968914,7.06688574359211,-1.0,57
47,5063199,5063312,7.24480370953289,7.407064698670235,-0.010120902488884406,114
47,5063367,5063416,7.48392529156414,7.55509228656086,-1.0,50
47,5063668,5063740,7.912351316954765,8.01625537249836,0.012424788638083032,73
47,5064129,5064256,8.56851220562664,8.75070019671711,-0.5956480867356249,128
47,5064541,5064623,9.154929441954765,9.27306689593586,-0.4549102591410715,83
47,5064663,5064864,9.328577391173514,9.616092530701485,-0.1691012589313083,202
47,5064879,5065125,9.636019285704766,9.98758496234211,-0.379469755944676,247
47,5065162,5065243,10.03882519390789,10.155539308045235,0.3455396813777656,82
47,5065281,5065379,10.20820312359539,10.349114015076484,0.514108983149691,99
47,5065402,5065497,10.380427488829765,10.51706836077961,-0.14256364116773632,96
47,5065522,5065648,10.55122851422039,10.73199316546711,-0.6187509041877618,127
47,5065765,5065982,10.897100828673516,11.20738964984211,-0.02833167977925915,218
47,5066053,5066123,11.307023680236014,11.408080811951486,-0.7534652122294825,71
47,5066492,5066590,11.93187109234539,12.072781983826484,0.2993933743119879,99
47,5066838,5067112,12.42434765484539,12.815766847107735,0.4526351970790636,275
47,5067114,5067499,12.817190184142264,13.366600343201485,0.4526351970790636,386
47,5067501,5068086,13.368023680236014,14.20210254046711,0.4526351970790636,586
47,5068089,5068679,14.20494921734539,15.046144776795234,0.4526351970790636,591
47,5068681,5068911,15.047568113829765,15.376360108826486,0.4526351970790636,231
47,5069712,5069773,16.515034422423515,16.603281495545236,-1.0,62
47,5069775,5069784,16.604704832579763,16.61893847796711,-1.0,10
47,5070153,5070261,17.14272851422039,17.297872804138986,-1.0,109
47,5070819,5070882,18.090674559142265,18.18176855609211,-1.0,64
47,5071272,5071637,18.735448973204765,19.256392335388984,0.4306633704254438,366
47,5071639,5071654,19.257815672423515,19.280589112732734,0.4306633704254438,16
47,5071656,5071920,19.282012449767265,19.659198243592108,0.4306633704254438,265
47,5071998,5072159,19.768795652892265,19.999377198670235,0.38962511455686166,162
48,5130057,5130330,-19.999353272888985,-19.60935742047039,0.17088146417143288,274
48,5130443,5130478,-19.44994287249836,-19.39870263531414,-0.5967612607290627,36
48,5130480,5130485,-19.39727929827961,-19.38873925640789,-0.5967612607290627,6
48,5130682,5130924,-19.10976416156086,-18.763891844298517,-0.009156193929190178,243
48,5131301,5131472,-18.228715089295235,-17.983900145079765,0.6188320215403583,172
48,5131536,5131579,-17.89422949359211,-17.831602293517264,-1.0,44
48,5131820,5132064,-17.490000245545236,-17.14128124859539,0.4496342914261342,245
48,5132507,5132686,-16.512163819763984,-16.255962156798514,0.40981416255648784,180
48,5132991,5133053,-15.823265870545235,-15.73359521343914,-0.8602232291349479,63
48,5133073,5133275,-15.70655175921711,-15.41761327984539,0.7024098791493303,203
48,5133594,5133637,-14.96499023577961,-14.90236327984539,-1.0,44
48,5133715,5133907,-14.792765870545235,-14.518060789611015,0.0,193
48,5134232,5134368,-14.056897706482735,-13.861899656798515,0.27136693021985087,137
48,5134719,5134891,-13.363729737732735,-13.117491453673516,0.512592480699769,173
48,5135159,5135201,-12.73745898577961,-12.676255369689141,-1.0,43
48,5135346,5135463,-12.47129394671711,-12.303339598204765,0.21354420420218545,118
48,5135708,5135764,-11.95604394671711,-11.874913328673514,-0.8411618774500369,57
48,5135840,5135986,-11.76816259906086,-11.558931395079766,0.3729095329530037,147
48,5136213,5136253,-11.23725586077961,-11.17889892437664,-1.0,41
48,5136288,5136391,-11.130505128357735,-10.98247753765789,0.05912756229384064,104
48,5136830,5137015,-10.359053468201484,-10.094311766173515,0.4073947633028719,186
48,5137345,5137430,-9.626031983826485,-9.50362451031414,-0.15564450423920279,86
48,5137773,5137916,-9.01684130999836,-8.811880125548514,0.2224555714421335,144
48,5138264,5138392,-8.31797998187336,-8.134368895079765,-0.14779629506262446,129
48,5138717,5138864,-7.673205811951485,-7.46255126812664,-0.2514711106871315,148
48,5138896,5138987,-7.418427491638985,-7.28747997906414,-1.0,92
48,5139137,5139270,-7.07540185687336,-6.884674070861015,-0.1845833990256684,134
48,5139702,5139854,-6.27121338031086,-6.05344189312664,-0.50232847963614,153
48,5139998,5140060,-5.849904054138985,-5.76023339703289,-1.0,63
48,5140135,5140233,-5.654906007263985,-5.51399511578289,-0.420941303324629,99
48,5140246,5140295,-5.49691504046711,-5.425747801329765,-1.0,50
48,5140416,5140471,-5.25494677874836,-5.175239500548515,-1.0,56
48,5140609,5140658,-4.98024170062336,-4.909074461486015,-1.0,50
48,5140804,5140936,-4.702689698670235,-4.5133852525016405,0.28455153215397977,133
48,5141051,5141111,-4.35112402484211,-4.26430029156414,-1.0,61
48,5141266,5141417,-4.04510547015461,-3.82875732281414,-0.22775660775682943,152
48,5141733,5141780,-3.380404542420235,-3.31208398297039,-0.7362429138050026,48
48,5141799,5141948,-3.28646386859211,-3.07296240093914,0.7025793987546525,150
48,5142086,5142221,-2.8779646010139848,-2.684389891173515,-1.0,136
48,5142267,5142393,-2.62033935687336,-2.439574949767265,0.4175987719008707,127
48,5142395,5142395,-2.438151612732735,-2.4367282700797652,0.4175987719008707,1
48,5142398,5142455,-2.433881593201485,-2.35132763531414,0.4175987719008707,58
48,5142743,5142855,-1.942828370545235,-1.78199072125164,-0.1592581274506231,113
48,5143249,5143394,-1.222616944763985,-1.014808836486015,0.5161440449431813,146
48,5143744,5143959,-0.518062257263985,-0.21062035992351508,0.5000950620140396,216
48,5144386,5144499,0.3957236314078901,0.557984620545235,0.16447818448185453,114
48,5144998,5145098,1.266809324767265,1.41056689593586,0.38365753218402504,101
48,5145232,5145290,1.59987158062664,1.68384863421711,-1.0,59
48,5145347,5145417,1.763555906798515,1.86461328265461,-1.0,71
48,5145443,5145535,1.90019677593914,2.032567628357735,-0.588350705203515,93
48,5145875,5145978,2.515080809142265,2.66310839984211,-0.3493662551253164,104
48,5146395,5146495,3.255218992736015,3.39897656390461,-0.41330045867437937,101
48,5146803,5146887,3.83594286968914,3.956927003357735,0.06341095541839811,85
48,5147131,5147184,4.30279931500164,4.37965966937336,-1.0,54
48,5147348,5147407,4.61166454937664,4.697065186951485,-0.8462260477733001,60
48,5147435,5147587,4.735495359923515,4.953266847107735,-0.5034987347745704,153
48,5147731,5147773,5.1568046860953904,5.218008546326485,-1.0,43
48,5148010,5148076,5.55391747906414,5.64928125140461,-1.0,67
48,5148230,5148286,5.86705273297039,5.948183351013985,-1.0,57
48,5148570,5148612,6.35098925640789,6.412193116638985,-0.36280788350435567,43
48,5148628,5148669,6.433543211486015,6.493323487732735,-0.26568884119596253,42
48,5148691,5148748,6.523213621642265,6.60576757952961,-0.6075356207366942,58
48,5148936,5149011,6.87193261578289,6.980106690857735,-1.0,76
48,5149270,5149334,7.34732910015789,7.439846436951485,-0.9175839057792405,65
48,5149460,5149507,7.61776415875164,7.686084718201485,-0.7846507526448357,48
48,5149860,5149932,8.187101316954765,8.29100537249836,-0.9404665306213107,73
48,5150282,5150327,8.78775195172039,8.85322558734211,-1.0,46
48,5150358,5150424,8.895926023986014,8.991289796326486,-1.0,67
48,5150604,5150710,9.246068113829764,9.398365968201485,0.3434820388002179,107
48,5150712,5150775,9.399789305236014,9.490883058045235,0.3434820388002179,64
48,5150790,5150850,9.51081005718914,9.59763379046711,0.17152491096066827,61
48,5150868,5151030,9.621830809142265,9.85383545062336,-0.2980087934595119,163
48,5151069,5151243,9.907922606017266,10.157007569763985,0.9898901645148099,175
48,5151309,5151492,10.24952490093914,10.51141992327961,0.38923259821281586,184
48,5151584,5151675,10.640944090392265,10.77189160296711,1.0,92
48,5151772,5151870,10.908532469298516,11.04944336077961,1.0,99
48,5151949,5152043,11.160464109923515,11.29568164202961,0.37431136223663025,95
48,5152264,5152344,11.608817137267264,11.72410791156086,1.0,81
48,5152798,5152871,12.368882078673515,12.47420947406086,-0.6306252926097816,74
48,5152974,5153093,12.619390379454765,12.79019140765461,1.0,120
48,5153132,5153218,12.844278563048515,12.96810937640461,-1.0,87
48,5153258,5153303,13.02361962750164,13.089093507263986,-1.0,46
48,5153901,5153954,13.938828856017265,14.01568945452961,-1.0,54
48,5154776,5154834,15.184253660704766,15.26823095843586,-1.0,59
48,5154932,5154975,15.406295164611015,15.46892236468586,-1.0,44
48,5155260,5155312,15.873151609923514,15.94858886859211,-0.9572016794452709,53
48,5155314,5155338,15.95001220562664,15.98559570452961,-0.9572016794452709,25
48,5155363,5155455,16.01975585797039,16.152126710388984,-1.0,93
48,5155481,5155568,16.18771044781414,16.312964601013984,-1.0,88
48,5155893,5155945,16.77412744000164,16.849564698670235,-1.0,53
48,5156719,5156765,17.94980859234539,18.01670556781086,-1.0,47
48,5156903,5156980,18.21170361187664,18.322724366638987,-1.0,78
48,5157453,5157535,18.99454199078289,19.112679444763984,-1.0,83
48,5157563,5157843,19.15110986187664,19.551069093201484,0.10067130388469812,281
48,5157845,5157896,19.552492430236015,19.626506104920235,0.10067130388469812,52
48,5158155,5158158,19.99372851422039,19.99942187640461,-0.9415675692359508,4
49,5210742,5210796,-19.730951417420236,-19.65266747906414,-0.7903610826143291,55
49,5210896,5211039,-19.511756593201486,-19.306795164611014,-0.10534168532210592,144
49,5211075,5211124,-19.256978272888986,-19.18581103375164,-1.0,50
49,5211151,5211202,-19.14880420062336,-19.074790281798514,-1.0,52
49,5211304,5211541,-18.93103271624836,-18.592277098204764,-0.07343932163870254,238
49,5211908,5211976,-18.071333741638984,-17.97312304547039,0.2471238078481801,69
49,5211978,5212067,-17.97169970843586,-17.843598875548516,0.2471238078481801,90
49,5212151,5212228,-17.72546142718586,-17.614440672423516,-1.0,78
49,5212359,5212477,-17.42940625140461,-17.260028563048515,0.4494896848911517,119
49,5212479,5212528,-17.258605226013984,-17.18743798687664,0.4494896848911517,50
49,5212819,5213087,-16.774668702576484,-16.39178954937664,-0.15716095474420458,269
49,5213125,5213170,-16.339125733826485,-16.273652098204764,-1.0,46
49,5213342,5213579,-16.030260499451487,-15.69150488140789,0.4330485173956352,238
49,5213893,5214118,-15.24599853656086,-14.92432324078289,0.4371232099640844,226
49,5214448,5214636,-14.45604345843586,-14.18703173687664,-0.004527107931883927,189
49,5215058,5215198,-13.587804444763986,-13.387113035704765,0.01547232955599291,141
49,5215535,5215722,-12.908869874451485,-12.641281492736015,0.6013609062914842,188
49,5215806,5215856,-12.52314404437336,-12.45055370953289,-1.0,51
49,5215971,5216015,-12.28829248187336,-12.22424218609539,-1.0,45
49,5216090,5216133,-12.118914796326486,-12.05628759625164,-1.0,44
49,5216151,5216343,-12.03209082171711,-11.75738574078289,0.039817502688530564,193
49,5216694,5216872,-11.25921582171711,-11.00443749859539,0.8422656039367862,179
49,5217254,5217467,-10.46214404437336,-10.157548582579764,0.3646284085299298,214
49,5217572,5217641,-10.00952099749836,-9.909886961486015,-1.0,70
49,5217820,5218028,-9.656531983826484,-9.359053465392265,0.6885621597772796,209
49,5218364,5218493,-8.882233643982735,-8.697198973204765,0.44954521004088266,130
49,5218862,5219041,-8.173408936951486,-7.917207273986015,0.8546301987797237,180
49,5219043,5219065,-7.915783936951485,-7.883047117736015,0.8546301987797237,23
49,5219409,5219565,-7.394840577576485,-7.171375731017265,0.643595784929988,157
49,5219622,5219676,-7.09166845843586,-7.01338476422039,-1.0,55
49,5219953,5220250,-6.620542237732735,-6.1963859849235154,-0.442185827692936,298
49,5220620,5220788,-5.671172608826485,-5.430627684142265,-0.0828708424542066,169
49,5221132,5221247,-4.942421143982735,-4.77731347515789,-0.059079612769690766,116
49,5221397,5221411,-4.56523535296711,-4.54388525250164,-1.0,15
49,5221413,5221463,-4.5424619154671095,-4.469871336486015,-1.0,51
49,5221537,5221696,-4.36596728656086,-4.13823242047039,-0.1967817372414638,160
49,5222009,5222225,-3.694149659607735,-3.38528417828289,0.0,217
49,5222239,5222289,-3.36678076312336,-3.29419042828289,-1.0,51
49,5222455,5222497,-3.05933886859211,-2.998135008361015,-1.0,43
49,5222609,5222751,-2.84014404437336,-2.63660595562664,0.22319887566210128,143
49,5222763,5222818,-2.62094922015461,-2.54124218609539,-1.0,56
49,5222893,5222956,-2.435914796326485,-2.34482079937664,-1.0,64
49,5223161,5223282,-2.05445898577961,-1.88081103375164,-0.08613503402027332,122
49,5223621,5223739,-1.39972119281086,-1.230343504454765,0.5450475349363765,119
49,5224071,5224243,-0.759217042420235,-0.512978758361015,-0.1443387222638997,173
49,5224547,5224691,-0.08170605609210993,0.12467871234210993,-0.13682855674473413,145
49,5224735,5224805,0.18588232281414008,0.28693969867023494,-1.0,71
49,5224866,5224913,0.37234033062664007,0.4406608900764849,-1.0,48
49,5225096,5225249,0.699709227111015,0.91890380999836,-0.11473369112281004,154
49,5225383,5225458,1.10820849468914,1.216382569763985,-1.0,76
49,5225538,5225582,1.32882665875164,1.39287695452961,-0.6059781008061192,45
49,5225584,5225689,1.39430029156414,1.545174561951485,-0.6059781008061192,106
49,5226062,5226262,2.07465820172039,2.36075000140461,-0.8811888798476409,201
49,5226573,5226654,2.80198632672039,2.918700440857735,-0.5899374286829084,82
49,5226797,5226873,3.12081494000164,3.230412354920235,-1.0,77
49,5226997,5227176,3.405483641173515,3.661685304138985,-0.8719316044938026,180
49,5227191,5227254,3.681612059142265,3.772705811951485,-1.0,64
49,5227466,5227592,4.07303124859539,4.253795655701485,-0.2027985973602238,127
49,5227605,5227663,4.27087597515789,4.3548530287483596,-1.0,59
49,5227821,5227864,4.5783178696891405,4.64094482562336,-1.0,44
49,5227958,5227958,4.77331591656414,4.77473925921711,-0.16019785661925548,1
49,5227960,5228056,4.77616259625164,4.914226808045235,-0.16019785661925548,97
49,5228334,5228401,5.30849267437664,5.405280030701485,-1.0,68
49,5228481,5228558,5.51772411968914,5.62874463031086,-1.0,78
49,5228603,5228710,5.691371824767265,5.84509277484211,-0.3473947368840188,108
49,5228822,5228880,6.00308398297039,6.08706103656086,-1.0,59
49,5229038,5229140,6.31052587750164,6.457130128357735,-0.2494496033295952,103
49,5229142,5229175,6.458553465392265,6.50694726702961,-0.2494496033295952,34
49,5229523,5229605,7.00084716656414,7.118984620545235,-0.27089415653071064,83
49,5229783,5229826,7.370916258361015,7.433543214295235,-1.0,44
49,5229901,5229943,7.53887060406414,7.60007422015461,-1.0,43
49,5229964,5230064,7.628541258361015,7.77229882952961,-0.17536879219707108,101
49,5230086,5230136,7.80218896343914,7.874779542420235,-1.0,51
49,5230330,5230519,8.149484617736015,8.419919679138985,-1.0,190
49,5230721,5230762,8.706011473204764,8.76579199359211,-1.0,42
49,5230764,5230797,8.76721533062664,8.81560888812336,-1.0,34
49,5230905,5231011,8.967906492736015,9.120204347107736,-0.47927351624935405,107
49,5231024,5231082,9.137284422423516,9.22126172015461,-1.0,59
49,5231208,5231221,9.399179441954765,9.419106202576485,-0.023234715275976543,14
49,5231223,5231401,9.420529539611016,9.675307862732735,-0.023234715275976543,179
49,5231440,5231633,9.72939501812664,10.00552343890461,0.2116787747164244,194
49,5231712,5231800,10.116544188048515,10.24322168109211,0.16838654264952885,89
49,5231816,5231892,10.26457177593914,10.374169190857735,-0.669788349301835,77
49,5231945,5232019,10.448182859923515,10.55493359515461,-0.30293061963107837,75
49,5232106,5232236,10.677341063048514,10.863799073670235,0.33939391004694547,131
49,5232615,5232832,11.401822508361015,11.712111329529609,0.4238432748461626,218
49,5232834,5232874,11.71353466656414,11.77189160296711,0.4238432748461626,41
49,5235308,5235357,15.23488427593914,15.306051515076485,-1.0,50
49,5235536,5235587,15.559406492736015,15.633420167420235,-1.0,52
49,5235619,5235667,15.67754394390789,15.74728759906086,-1.0,49
49,5236146,5236227,16.42764550640789,16.544359620545237,-1.0,82
49,5236756,5238181,17.295884520079763,19.325571046326484,1.0,1426
49,5238273,5238333,19.45509521343914,19.541919190857733,-1.0,61
49,5238411,5238452,19.65151660015789,19.71129687640461,-1.0,42
49,5238497,5238580,19.773924070861014,19.89348486468586,-1.0,84
50,5288541,5288627,-19.999316163513985,-19.87548535015789,-0.6522916459496629,87
50,5288975,5289201,-19.38158545062336,-19.05848681500164,0.03409246953639492,227
50,5289676,5289780,-18.38382226702961,-18.234371336486014,0.1897683722083275,105
50,5289783,5289859,-18.231524659607736,-18.12192724468914,0.1897683722083275,77
50,5290077,5290137,-17.81306201312336,-17.726238035704764,-1.0,61
50,5290181,5290374,-17.66503418109211,-17.38890576031414,-1.0,194
50,5290691,5290849,-16.939129640076484,-16.712818113829766,0.14706323397301865,159
50,5290898,5290961,-16.64449755999836,-16.553403563048516,-1.0,64
50,5291199,5291445,-16.216071534607735,-15.86450585797039,-0.2106303382543691,247
50,5291749,5291884,-15.43323291156086,-15.239658445861014,-0.04666387242788687,136
50,5291990,5292072,-15.09020752093586,-14.972070066954766,-1.0,83
50,5292346,5292516,-14.58349755999836,-14.34010595562664,0.0,171
50,5292616,5292715,-14.19919482562336,-14.056860594298515,-1.0,100
50,5292866,5293081,-13.84335937640461,-13.535917234923515,0.20377669315157462,216
50,5293251,5293303,-13.295372315857735,-13.219935301329764,-1.0,53
50,5293343,5293346,-13.16442480609211,-13.15873144390789,-1.0,4
50,5293348,5293427,-13.15730810687336,-13.043440672423515,-1.0,80
50,5293453,5293628,-13.007857179138984,-12.757348875548516,-0.09018706416168706,176
50,5293858,5293904,-12.43140332171711,-12.36450634625164,-1.0,47
50,5293972,5294138,-12.269142335388985,-12.031444090392265,-0.09051736523825438,167
50,5294191,5294247,-11.95743017718586,-11.87629980328289,-1.0,57
50,5294495,5294721,-11.524734132263985,-11.20163525250164,-0.17047266507282005,227
50,5294779,5294829,-11.12050488421711,-11.047914305236015,-1.0,51
50,5295074,5295153,-10.70061865374836,-10.586751219298515,-0.13249213182289846,80
50,5295155,5295250,-10.585327882263986,-10.44868701031414,-0.13249213182289846,96
50,5295612,5295741,-9.93486035296711,-9.74982568218914,0.07312042773608414,130
50,5295743,5295824,-9.74840234515461,-9.63168847515789,0.07312042773608414,82
50,5295930,5296017,-9.48223730609211,-9.356983152892266,-1.0,88
50,5296387,5296544,-8.831769776795236,-8.606881590392264,0.10831828457583732,158
50,5296985,5297217,-7.98061084124836,-7.648971922423515,0.16279150423528577,233
50,5297641,5297789,-7.046898194763985,-6.834820066954765,0.15297682202114835,149
50,5298004,5298046,-6.53022461077961,-6.46902099468914,-1.0,43
50,5298159,5298441,-6.309606690857735,-5.906800535704765,0.6252537327471223,283
50,5298868,5299111,-5.30045654437336,-4.95316113140789,-0.004093867766007974,244
50,5299423,5299489,-4.51050146624836,-4.415137449767265,0.294254809622299,67
50,5299491,5299621,-4.413714112732735,-4.22725634625164,0.294254809622299,131
50,5300035,5300229,-3.639415772888985,-3.361864012267265,0.04766120945072841,195
50,5300383,5300436,-3.144092530701485,-3.06723193218914,-1.0,54
50,5300558,5300748,-2.895007569763985,-2.623149168517265,0.14708469288555848,191
50,5301077,5301093,-2.156292726013985,-2.132095945861015,0.05151586706291817,17
50,5301096,5301231,-2.129249268982735,-1.935674559142265,0.05151586706291817,136
50,5301614,5301716,-1.391957765076485,-1.24535351422039,-0.6112328806112246,103
50,5301718,5301767,-1.24393017718586,-1.172762938048515,-0.6112328806112246,50
50,5301782,5301880,-1.152836183045235,-1.0119252915641401,-1.0,99
50,5302072,5302268,-0.74006689593586,-0.45966821148601505,-0.4069508638616905,197
50,5302270,5302343,-0.45824487445148493,-0.35291772320476505,-0.4069508638616905,74
50,5302359,5302401,-0.3315673842171099,-0.2703637681266401,-1.0,43
50,5302864,5302989,0.3872204575797651,0.566561768982735,-0.7727709842726415,126
50,5303381,5303455,1.123088621642265,1.2298393568733599,-1.0,75
50,5303457,5303548,1.2312626939078901,1.362210206482735,-1.0,92
50,5303598,5303646,1.43195410015789,1.50169775531086,-1.0,49
50,5303675,5303730,1.541551512267265,1.621258546326485,-1.0,56
50,5303760,5303800,1.66253564312664,1.72089257952961,-1.0,41
50,5303855,5303995,1.797753172423515,1.99844433734211,-0.5445475683128091,141
50,5304309,5304455,2.44395068218914,2.65318213031086,-0.42848222681286724,147
50,5304625,5304726,2.89372704937664,3.038907960388985,-1.0,102
50,5304803,5304916,3.14708202984539,3.309343018982735,-0.5494371323840749,114
50,5305297,5305519,3.8502131333610152,4.16761865374836,-1.0,223
50,5305539,5305597,4.19466210797039,4.278639405701485,-1.0,59
50,5305633,5305723,4.328456297423515,4.45798047015461,-1.0,91
50,5305804,5305829,4.571847898986015,4.60885498187336,-0.5749427798108138,26
50,5305831,5305956,4.61027831890789,4.789619386170235,-0.5749427798108138,126
50,5306158,5306202,5.075711180236015,5.13976172015461,-1.0,45
50,5306254,5306310,5.21235204937664,5.293482667420235,-1.0,57
50,5306331,5306393,5.321949461486015,5.41162011859211,-0.14020408075527319,63
50,5306822,5306992,6.020810789611015,6.264202393982735,-0.97640564629434,171
50,5307040,5307117,6.33109960797039,6.4421201185921095,-1.0,78
50,5307138,5307261,6.470587156798515,6.64708154437336,-1.0,124
50,5307339,5307448,6.756678953673515,6.91324658343586,-0.9007456279254519,110
50,5307665,5307718,7.220688719298515,7.297549073670235,-1.0,54
50,5307823,5307930,7.445576902892265,7.59929785296711,-0.6051053545205819,108
50,5308121,5308162,7.86973290875164,7.92951318499836,-1.0,42
50,5308331,5308465,8.16863476422039,8.36078613421711,-1.0,135
50,5308878,5308975,8.947203367736016,9.08669091937336,-0.45927659385302644,98
50,5308989,5309133,9.10519433453289,9.31157910296711,-1.0,145
50,5309191,5309373,9.39270947125164,9.65318115374836,-0.5577579366299004,183
50,5309375,5309417,9.65460449078289,9.715808351013985,-0.5577579366299004,43
50,5309429,5309619,9.731465086486015,10.003323487732734,-1.0,191
50,5309653,5309810,10.05029394390789,10.275181886170236,0.12881641347811998,158
50,5309822,5310023,10.29083886578289,10.57835400531086,0.9036456876913046,202
50,5310026,5310494,10.58120068218914,11.248748292420235,0.9036456876913046,469
50,5310804,5310871,11.688561277892266,11.78534863421711,-1.0,68
50,5311104,5311160,12.11556396343914,12.196694581482735,-1.0,57
50,5311404,5311446,12.54256689312664,12.60377050921711,-1.0,43
50,5311616,5311682,12.84431542828289,12.939679444763986,-1.0,67
50,5311714,5311788,12.983802977111015,13.09055371234211,-1.0,75
50,5311996,5312042,13.385185789611015,13.452082765076485,-1.0,47
50,5312192,5312241,13.664160887267265,13.735327882263984,-1.0,50
50,5312691,5312733,14.374408934142265,14.435612550232735,-1.0,43
50,5313274,5313328,15.204217527892265,15.28250146624836,-1.0,55
50,5313365,5313407,15.33374169781414,15.394945558045235,-1.0,43
50,5313517,5313542,15.55008984234539,15.58709668109211,-1.0,26
50,5313544,5313585,15.58852001812664,15.648300538513984,-1.0,42
50,5314276,5314322,16.630406981017266,16.697303956482735,-1.0,47
50,5314384,5314462,16.78412792828289,16.896572022888986,-1.0,79
50,5314644,5314704,17.154197020079764,17.24102099749836,-1.0,61
50,5314762,5314809,17.32215136578289,17.390471925232735,-0.9819449933773892,48
50,5314887,5315904,17.50006933453289,18.94903222796711,0.5390120146724751,1018
50,5316333,5316496,19.55822265484539,19.79165088031086,0.5061468158093357,164
50,5316498,5316642,19.79307421734539,19.99945898577961,0.5061468158093357,145
51,5370068,5370181,-20.0,-19.83819872906414,0.6053448777058905,114
51,5370298,5370476,-19.673091065857736,-19.418312742736013,-0.3586688152420806,179
51,5370479,5370548,-19.415466065857736,-19.31583202984539,-0.3586688152420806,70
51,5370648,5370731,-19.174921143982736,-19.05536035015789,-1.0,84
51,5370984,5371162,-18.696677979920235,-18.441899656798515,-0.560438227408105,179
51,5371339,5371382,-18.191391358826486,-18.12876415875164,-0.7511357854222928,44
51,5371419,5371572,-18.07752392718586,-17.85832910015789,-0.24090505740339832,154
51,5371784,5371907,-17.558003663513986,-17.38150927593914,0.5577761236463524,124
51,5372138,5372193,-17.054140382263984,-16.974433348204766,-1.0,56
51,5372277,5372384,-16.85629589984211,-16.702574949767264,-0.39333617729766607,108
51,5372704,5372855,-16.248528565857736,-16.032180418517264,0.316332700092654,152
51,5373242,5373359,-15.482770265076486,-15.314815672423515,-0.018168809328814498,118
51,5373651,5373795,-14.90062304827961,-14.69423827984539,0.07532877571125061,145
51,5374079,5374247,-14.291432374451485,-14.050887449767265,-0.31517461107468175,169
51,5374369,5374411,-13.87866308734211,-13.817459227111016,-0.533216053320281,43
51,5374542,5374623,-13.63242480609211,-13.515710691954766,0.5710961938660709,82
51,5374626,5374714,-13.512864015076484,-13.38618652203289,0.5710961938660709,89
51,5374799,5374842,-13.266625733826485,-13.20399853375164,-1.0,44
51,5374844,5374847,-13.20257519671711,-13.19688183453289,-1.0,4
51,5375036,5375222,-12.92929345843586,-12.66312841656414,0.17140559870602057,187
51,5375225,5375225,-12.66028173968586,-12.65885839703289,0.17140559870602057,1
51,5375227,5375264,-12.65743505999836,-12.603347898986016,0.17140559870602057,38
51,5375379,5375419,-12.44108691546711,-12.38272997906414,-1.0,41
51,5375452,5375667,-12.337182862732735,-12.029740965392264,-0.11682530538915181,216
51,5375743,5375808,-11.92299023577961,-11.829049559142264,-1.0,66
51,5375967,5376200,-11.604161378357736,-11.271099363829766,-0.6518758671932793,234
51,5376346,5376389,-11.064714601013986,-11.00208740093914,-0.7295887170764318,44
51,5376506,5376659,-10.836979737732735,-10.617784910704765,-0.22737375035257457,154
51,5376999,5377179,-10.135271729920236,-9.877646727111015,0.31033600624875934,181
51,5377670,5377819,-9.18020898577961,-8.96670751812664,-0.03919970370713802,150
51,5377863,5377905,-8.90550390765461,-8.844300047423514,-1.0,43
51,5378139,5378144,-8.51266113421711,-8.50412109234539,0.3231211874257883,6
51,5378146,5378291,-8.50269775531086,-8.294889891173515,0.3231211874257883,146
51,5378385,5378433,-8.16251904437336,-8.092775145079765,-1.0,49
51,5378457,5378512,-8.060038331482735,-7.98033105328289,-1.0,56
51,5378552,5378604,-7.92482080218586,-7.849383543517265,-1.0,53
51,5378640,5378738,-7.799566651795235,-7.658655516173515,0.11638579079436552,99
51,5379057,5379215,-7.20603271624836,-6.97972119000164,0.5013005441798597,159
51,5379272,5379329,-6.900013917420235,-6.817460203673515,-1.0,58
51,5379504,5379641,-6.569798585388985,-6.373377195861015,0.21031393537955734,138
51,5379671,5379732,-6.332100343201485,-6.24385302593914,-1.0,62
51,5379803,5379857,-6.144218995545235,-6.065935301329765,-1.0,55
51,5379880,5379932,-6.03462158343586,-5.95918456890789,-1.0,53
51,5379959,5379962,-5.922177491638985,-5.916484129454765,0.20615954272234355,4
51,5379964,5380100,-5.915060792420235,-5.72006298687664,0.20615954272234355,137
51,5380493,5380627,-5.162112550232735,-4.96996142437664,0.0,135
51,5380778,5380833,-4.7564599623421095,-4.676752684142265,-1.0,56
51,5380877,5381064,-4.615549073670235,-4.347960691954765,0.017978987305394954,188
51,5381123,5381172,-4.26540673968586,-4.194239500548515,-1.0,50
51,5381463,5381591,-3.7814702162483598,-3.597859129454765,0.5318158193181511,129
51,5381708,5381808,-3.432751222107735,-3.28899365093914,-1.0,101
51,5381938,5382093,-3.105382569763985,-2.883341063048515,0.5084462931563148,156
51,5382483,5382657,-2.32966064593586,-2.08057568218914,0.21447263109999276,175
51,5382942,5383167,-1.6763464369514849,-1.354671141173515,0.2611994347107738,226
51,5383327,5383431,-1.1283596205452349,-0.978908445861015,-1.0,105
51,5383617,5383748,-0.7155900892952349,-0.52770898297039,-0.5373199542470598,132
51,5383782,5383865,-0.48073852679523493,-0.3611777329703901,-1.0,84
51,5383973,5384026,-0.20888012835773492,-0.13201977398601508,-1.0,54
51,5384092,5384226,-0.03950244281085993,0.15264892718585993,-0.004296187770356674,135
51,5384528,5384630,0.581074949767265,0.72767920062336,0.16150636681338107,103
51,5384823,5384864,1.000961180236015,1.0607414564827349,-0.7706536055316979,42
51,5384890,5384940,1.0963249497672651,1.16891552874836,-1.0,51
51,5384972,5385097,1.21303906109539,1.3923803724983599,0.011945342409471435,126
51,5385479,5385671,1.93467382672039,2.2093789076546098,-0.6455514552385929,193
51,5385830,5385877,2.43426708843914,2.502587647888985,-1.0,48
51,5385939,5386030,2.589411375548515,2.72035888812336,-0.44732171551247746,92
51,5386102,5386147,2.821416258361015,2.88689013812336,-0.9006044245853576,46
51,5386161,5386201,2.90539355328289,2.96375048968586,-1.0,41
51,5386359,5386517,3.18721533062664,3.41352685687336,-0.027341160453404914,159
51,5386537,5386594,3.44057031109539,3.523124268982735,-0.9376920642037451,58
51,5386736,5386922,3.723815672423515,3.989980714295235,-0.5336463544726222,187
51,5386976,5387041,4.0654177232047655,4.15935839984211,-1.0,66
51,5387242,5387321,4.44402685406414,4.557894288513985,0.027889482527854365,80
51,5387715,5387881,5.11726806500164,5.3549663099983595,-0.6477615056969662,167
51,5388155,5388209,5.743538816954765,5.82182275531086,-0.7876756373851174,55
51,5388542,5388757,6.294372313048515,6.60181445452961,-0.6113864979296052,216
51,5388985,5389066,6.92491308453289,7.041627198670235,0.1489885402050377,82
51,5389304,5389359,7.37895947125164,7.458666749451485,-1.0,56
51,5389428,5389466,7.55545410015789,7.61096435687336,0.31628337829162484,39
51,5389469,5389509,7.61381103375164,7.67216797015461,0.31628337829162484,41
51,5389590,5389637,7.786035398986015,7.8543559584358595,-1.0,48
51,5389784,5389983,8.06216406109539,8.34683252093586,-0.924245757602596,200
51,5390133,5390250,8.55891064312664,8.726864991638985,-1.0,118
51,5390272,5390379,8.756755125548516,8.91047607562336,0.07808363780232014,108
51,5390411,5390456,8.954599852111015,9.020073487732734,-0.6915741062444213,46
51,5390525,5390584,9.11686083843914,9.202261476013986,-0.7902683206861288,60
51,5390614,5390751,9.243538328673514,9.439959718201486,-0.1861465936894134,138
51,5390824,5390934,9.54244042828289,9.700431397888986,0.2921554378168271,111
51,5391062,5391191,9.88119579937664,10.06623047015461,0.6177160652257464,130
51,5391254,5391345,10.154477781798516,10.28542529437336,0.5991856051121226,92
51,5391362,5391435,10.30819872906414,10.413526124451485,-0.051307336890477805,74
51,5391518,5391657,10.53024023297039,10.729508058045235,0.547876916597528,140
51,5391929,5392192,11.11523388531414,11.490996339295235,-0.15118086287617646,264
51,5392497,5392543,11.923692625548515,11.990589601013985,-1.0,47
51,5392611,5392657,12.08595361187664,12.152850831482734,-1.0,47
51,5393040,5393143,12.696567625548514,12.84459521624836,1.0,104
51,5393219,5393273,12.951345945861014,13.02962988421711,-1.0,55
51,5395477,5395528,16.165253660704764,16.23926757952961,-0.8130493707172748,52
51,5395891,5395995,16.75451757672039,16.903968507263986,-1.0,105
51,5396462,5396552,17.56724609234539,17.69677050921711,-1.0,91
51,5396823,5396874,18.081072996642266,18.155086671326487,-1.0,52
51,5396980,5397172,18.30453759625164,18.579242921326486,1.0,193
51,5397174,5397533,18.580666258361013,19.093069581482734,1.0,360
51,5398078,5398170,19.867367918517264,19.99973877093586,-0.8938779269632297,93
52,5452413,5452422,-19.99930908343586,-19.98507568218914,-1.0,10
52,5452613,5452798,-19.714640382263983,-19.449898680236014,0.15979172076333426,186
52,5452856,5452898,-19.368768311951484,-19.30756445172039,-1.0,43
52,5453133,5453363,-18.974502198670233,-18.645710203673517,0.07857918466554081,231
52,5453551,5453593,-18.379545167420236,-18.31834130718914,-1.0,43
52,5453695,5453972,-18.174583741638983,-17.77889452984539,-0.6779058152606737,278
52,5454398,5454608,-17.173973878357735,-16.87364843609539,0.539045771976081,211
52,5454657,5454699,-16.80532812640461,-16.744124266173515,-1.0,43
52,5455032,5455122,-16.27157470843586,-16.142050535704765,-0.48161065206200615,91
52,5455124,5455381,-16.140627198670234,-15.77340478375164,-0.48161065206200615,258
52,5455383,5455408,-15.77198144671711,-15.734974363829766,-0.48161065206200615,26
52,5455411,5455456,-15.732127686951484,-15.666654051329765,-0.48161065206200615,46
52,5455991,5456153,-14.906589112732735,-14.674584227111016,-0.7488995841585107,163
52,5456310,5456359,-14.452542726013984,-14.38137548687664,-1.0,50
52,5456511,5456673,-14.166450929138986,-13.934446043517266,0.3270125673904692,163
52,5456813,5456863,-13.736601319763984,-13.664010984923515,-1.0,51
52,5456945,5457036,-13.548720216248359,-13.417772703673515,-1.0,92
52,5457089,5457180,-13.34375879046711,-13.212811277892264,-1.0,92
52,5457182,5457303,-13.211387940857735,-13.037739988829765,-1.0,122
52,5457562,5457754,-12.67051757952961,-12.39581249859539,0.7402826514629852,193
52,5457756,5457757,-12.39438916156086,-12.39154247906414,0.7402826514629852,2
52,5458170,5458350,-11.805125245545234,-11.547500242736016,0.6622344302462494,181
52,5458705,5458762,-11.043636964295235,-10.961083250548516,-1.0,58
52,5458798,5458946,-10.91126611468586,-10.699188231017265,-0.2980624524569273,149
52,5458948,5459041,-10.697764893982734,-10.563970457579765,-0.2980624524569273,94
52,5459124,5459177,-10.447256593201486,-10.37039599468914,-1.0,54
52,5459270,5459532,-10.239448487732735,-9.86510937359539,0.11124240199407001,263
52,5459758,5459849,-9.544857179138985,-9.41390966656414,-1.0,92
52,5459888,5460074,-9.35982275531086,-9.09365771343914,0.6903491170927172,187
52,5460394,5460626,-8.63961132952961,-8.307972410704766,-0.45706288345955565,233
52,5460898,5461099,-7.92224658343586,-7.63473144390789,0.21451910482520703,202
52,5461218,5461277,-7.46677685687336,-7.38137646343914,-1.0,60
52,5461472,5461689,-7.105247804138985,-6.794959227111015,0.2599930318028249,218
52,5462043,5462147,-6.292519288513985,-6.14306835797039,-1.0,105
52,5462454,5462498,-5.70752539202961,-5.64347509625164,-0.2316867246884828,45
52,5462500,5462712,-5.64205175921711,-5.338879637267265,-0.2316867246884828,213
52,5463044,5463188,-4.8677531752327345,-4.66136865093914,0.3712182393042559,145
52,5463546,5463687,-4.15323535296711,-3.95112060406414,0.0,142
52,5463689,5463717,-3.94969726702961,-3.90842040875164,0.0,29
52,5464062,5464242,-3.4187905287483598,-3.1611655259391402,0.45434773043491206,181
52,5464635,5464777,-2.603215089295235,-2.399677000548515,0.39739930871877144,143
52,5465076,5465313,-1.97552099749836,-1.636765379454765,-0.6816758669464172,238
52,5465718,5465866,-1.061735108826485,-0.8496569810172651,0.18672550484219577,149
52,5466275,5466534,-0.2689331068733599,0.10113598773273494,-0.09870503453865352,260
52,5466858,5466942,0.56087548687664,0.681859620545235,-0.32432923415604226,85
52,5467248,5467319,1.115979246642265,1.21845996234211,-1.0,72
52,5467421,5467561,1.362217527892265,1.562908936951485,-1.0,141
52,5467893,5467912,2.03403515484539,2.0625021986702348,-0.18637183988202427,20
52,5467914,5468009,2.0639255357047652,2.20056640765461,-0.18637183988202427,96
52,5468022,5468071,2.21764648297039,2.28881347796711,-1.0,50
52,5468085,5468138,2.307317137267265,2.384177491638985,-1.0,54
52,5468281,5468329,2.586292234923515,2.656035890076485,-1.0,49
52,5468392,5468547,2.74428320172039,2.96632470843586,-0.6107468519773349,156
52,5468879,5469014,3.43745117047039,3.631025636170235,-0.9569758277267555,136
52,5469211,5469277,3.91000097515789,4.00536474749836,-1.0,67
52,5469489,5469624,4.305690184142265,4.49926464984211,-0.9992938048288037,136
52,5469905,5470025,4.89780077984539,5.070025147888985,-1.0,121
52,5470424,5470525,5.63651562359539,5.781696534607735,-1.0,102
52,5470848,5470985,6.24001269390789,6.43643408343586,-1.0,138
52,5471222,5471257,6.772343016173515,6.823583253357735,-1.0,36
52,5471259,5471268,6.825006590392265,6.839239991638985,-1.0,10
52,5471441,5471569,7.084054930236015,7.267666261170235,-1.0,129
52,5471919,5472039,7.764412840392265,7.93663720843586,-0.6988270576832945,121
52,5472187,5472241,8.14586865093914,8.22415234515461,-1.0,55
52,5472291,5472333,8.293896238829765,8.355099854920235,-1.0,43
52,5472377,5472564,8.41630370953289,8.68389209124836,-1.0,188
52,5472887,5472945,9.14220849468914,9.226185792420235,-1.0,59
52,5473042,5473174,9.36282665875164,9.552131104920235,-1.0,133
52,5473239,5473399,9.64322509625164,9.87238330218586,-0.7356190975602052,161
52,5473440,5473493,9.92931689312664,10.006177491638985,0.1807035543036892,54
52,5473518,5473685,10.040337645079765,10.279459229920235,-0.11998741314127274,168
52,5473768,5473870,10.39617333843914,10.542777589295236,0.3009267680931225,103
52,5473888,5473988,10.566974363829765,10.710732179138985,-1.0,101
52,5474016,5474083,10.749162352111014,10.84594970843586,0.4455559603923277,68
52,5474241,5474378,11.069414305236014,11.265835694763984,-0.703586064667237,138
52,5474380,5474499,11.267259031798515,11.43806005999836,-0.703586064667237,120
52,5474913,5474959,12.025900633361015,12.09279785296711,-1.0,47
52,5475066,5475213,12.243672117736015,12.454326905701485,0.8460097035026009,148
52,5475565,5475619,12.953920164611015,13.032203858826485,-1.0,55
52,5476112,5476154,13.732488523986015,13.793692140076486,-1.0,43
52,5476156,5476162,13.795115477111015,13.80507910296711,-1.0,7
52,5476494,5476536,14.276205320861015,14.33740918109211,-1.0,43
52,5477357,5477361,15.504550047423516,15.511666749451486,-1.0,5
52,5477363,5477444,15.513090086486015,15.62980420062336,-1.0,82
52,5477531,5477576,15.752211668517266,15.81768554827961,-1.0,46
52,5478140,5478191,16.61902734234539,16.693041261170237,-1.0,52
52,5478798,5478841,17.55558691265789,17.61821386859211,-1.0,44
52,5479467,5479516,18.50780322125164,18.57897021624836,-1.0,50
52,5479614,5479663,18.717034422423517,18.78820166156086,-1.0,50
52,5479833,5479913,19.02874658062664,19.144037354920236,-1.0,81
52,5480172,5480316,19.51125976422039,19.717644288513984,0.38268003198549694,145
52,5480318,5480368,19.719067625548515,19.79165820452961,0.38268003198549694,51
53,5544940,5545018,-20.0,-19.88823925640789,-1.0,79
53,5545031,5545077,-19.87115918109211,-19.804261961486016,-0.6816105012191443,47
53,5545389,5545538,-19.36160254046711,-19.14810107281414,-0.23123659137636018,150
53,5545540,5545586,-19.14667773577961,-19.07978076031414,-0.23123659137636018,47
53,5545665,5545758,-18.968760011170236,-18.83496581890789,-1.0,94
53,5545875,5546120,-18.66985791156086,-18.319715574767265,-0.04673173003444731,246
53,5546522,5546753,-17.748955323670234,-17.41873974468914,-0.2869130600451452,232
53,5547119,5547309,-16.89921972796711,-16.62736132672039,0.04722527322691699,191
53,5547311,5547363,-16.62593798968586,-16.550500731017266,0.04722527322691699,53
53,5547671,5547908,-16.11353466937336,-15.774779051329766,-0.00460617352472938,238
53,5547910,5547922,-15.773355714295235,-15.754852293517265,-0.00460617352472938,13
53,5547924,5547981,-15.753428956482734,-15.67087499859539,-0.00460617352472938,58
53,5548371,5548599,-15.11719482562336,-14.791249266173516,0.11999236554203482,229
53,5548643,5548694,-14.73004541156086,-14.65603173687664,-1.0,52
53,5549011,5549093,-14.20625537249836,-14.088117918517264,0.13903689102502084,83
53,5549095,5549166,-14.086694581482735,-13.98421386578289,0.13903689102502084,72
53,5549575,5549698,-13.40349023577961,-13.22699560406414,-0.41459030212871656,124
53,5549700,5549778,-13.22557226702961,-13.113128172423515,-0.41459030212871656,79
53,5550186,5550189,-12.533827882263985,-12.528134520079766,-0.07130689434469317,4
53,5550191,5550272,-12.526711183045235,-12.40999706890789,-0.07130689434469317,82
53,5550275,5550303,-12.40715039202961,-12.365873289611015,-0.07130689434469317,29
53,5550364,5550435,-12.280472901795235,-12.17799218609539,-1.0,72
53,5550688,5550894,-11.819309815857736,-11.524677977111015,0.39448198434127313,207
53,5551246,5551412,-11.02508447406086,-10.787386473204766,0.16988585754543092,167
53,5551431,5551460,-10.76176611468586,-10.71906591656414,-1.0,30
53,5551463,5551471,-10.71621923968586,-10.70340917828289,-1.0,9
53,5551551,5551665,-10.590965089295235,-10.42728076031414,-1.0,115
53,5551701,5551764,-10.377463624451485,-10.286369871642265,-1.0,64
53,5551833,5552018,-10.18958252093586,-9.92484081890789,-0.1751282145191254,186
53,5552334,5552510,-9.47648779437336,-9.22455615093914,0.024304714995589963,177
53,5552587,5552645,-9.116382081482735,-9.03240478375164,-1.0,59
53,5552853,5553056,-8.73777295062336,-8.44741113140789,0.17556054338287236,204
53,5553096,5553152,-8.391900636170234,-8.310770262267265,-1.0,57
53,5553523,5553766,-7.78413330218586,-7.436837645079765,0.12729020214108533,244
53,5554134,5554292,-6.914470948670235,-6.6881594224235155,0.5039964759567398,159
53,5554649,5554655,-6.181449464295235,-6.171486082579765,-0.12907219364984196,7
53,5554658,5554874,-6.168639405701485,-5.859774168517265,-0.12907219364984196,217
53,5554914,5554958,-5.80426367327961,-5.74021337750164,-1.0,45
53,5555020,5555042,-5.653389405701485,-5.620652586486015,-1.0,23
53,5555044,5555152,-5.619229249451485,-5.46408495953289,-1.0,109
53,5555213,5555397,-5.378684327576485,-5.115365965392265,0.1800464400921482,185
53,5555732,5555889,-4.639969483826485,-4.415081297423515,0.5601036483156687,158
53,5556291,5556441,-3.84432080218586,-3.629396238829765,0.3106470320604625,151
53,5556496,5556566,-3.55253564593586,-3.451478270079765,-1.0,71
53,5556808,5556998,-3.10845263812336,-2.83659423687664,0.44653351828746896,191
53,5557097,5557153,-2.697106690857735,-2.615976316954765,-1.0,57
53,5557370,5557396,-2.30853418109211,-2.27010400250164,0.0,27
53,5557398,5557546,-2.26868066546711,-2.05660253765789,0.0,149
53,5557567,5557642,-2.02813574359211,-1.9199616685172651,-1.0,76
53,5557813,5557997,-1.677993409607735,-1.414675047423515,-0.3425670436125194,185
53,5557999,5558195,-1.413251710388985,-1.132853270079765,-0.3425670436125194,197
53,5558592,5558755,-0.56920947406086,-0.3357812485953901,-0.06288266119195716,164
53,5559138,5559183,0.2079355454703901,0.2734094252327349,-0.09976285956992206,46
53,5559185,5559295,0.2748327622672651,0.43282373187335993,-0.09976285956992206,111
53,5559730,5559776,1.050554441954765,1.11745166156086,-0.33593941338092614,47
53,5559778,5559850,1.11887499859539,1.222779054138985,-0.33593941338092614,73
53,5559896,5560003,1.286829344298515,1.44055029437336,-1.0,108
53,5560089,5560141,1.561534422423515,1.63697168109211,-1.0,53
53,5560193,5560315,1.70956201031414,1.88463330218586,-0.9788492752177096,123
53,5560528,5560574,2.18638183453289,2.253279054138985,-1.0,47
53,5560638,5560761,2.34294970562664,2.5194440932014848,-0.3316192538617903,124
53,5561044,5561099,2.92082665875164,3.000533936951485,-1.0,56
53,5561200,5561295,3.14286816265789,3.279509034607735,-0.6321150744358444,96
53,5561788,5561979,3.979793699767265,4.253075440857735,-0.9265118735571418,192
53,5562045,5562103,4.34559277203289,4.42956982562336,-0.8452911431449357,59
53,5562175,5562232,4.530627195861015,4.61318115374836,-1.0,58
53,5562439,5562590,4.90638964703289,5.12273779437336,-0.5242099416990056,152
53,5562957,5563092,5.64368115093914,5.83725586077961,-0.5575044644297068,136
53,5563419,5563584,6.30126562359539,6.537540284607735,-0.577838553651995,166
53,5563906,5563998,6.994433348204765,7.12680420062336,-0.26441523745833817,93
53,5564000,5564000,7.12822753765789,7.12965088031086,-0.26441523745833817,1
53,5564182,5564236,7.38727587750164,7.465559815857735,-1.0,55
53,5564253,5564327,7.488333250548515,7.59508398577961,-1.0,75
53,5564425,5564506,7.733148191954765,7.84986230609211,-0.2436904493640331,82
53,5564508,5564511,7.85128564312664,7.85697900531086,-0.2436904493640331,4
53,5564591,5564658,7.969423094298515,8.06621045062336,-1.0,68
53,5564969,5565079,8.507446531798514,8.665437745545235,-0.5769662039523021,111
53,5565363,5565406,9.06824365093914,9.13087060687336,-1.0,44
53,5565470,5565581,9.220541258361015,9.37995556781086,-0.5282357629009563,112
53,5565958,5566057,9.915132566954766,10.05746679827961,-0.07056343928094636,100
53,5566203,5566279,10.26385156109539,10.37344873187336,-1.0,77
53,5566292,5566335,10.390529051329764,10.453156007263985,-1.0,44
53,5566835,5566937,11.163404051329765,11.31000830218586,-0.8973403853639296,103
53,5567358,5567484,11.907812254454765,12.08857666156086,-0.5320499503746859,127
53,5567513,5567558,12.128430418517265,12.193904054138985,-1.0,46
53,5567799,5567972,12.53550634625164,12.78316797015461,0.11463054511355746,174
53,5568244,5568296,13.168893797423515,13.24433105609211,-1.0,53
53,5568324,5568458,13.28276122906414,13.47491259906086,0.6506518286492188,135
53,5568592,5568641,13.664217039611016,13.73538427874836,-1.0,50
53,5568856,5569055,14.03997949078289,14.32464795062336,0.49898800622460937,200
53,5569137,5569187,14.439938719298516,14.51252929827961,-1.0,51
53,5569439,5569610,14.869788328673515,15.114603272888985,0.5057392381280617,172
53,5570014,5570254,15.688210203673515,16.03123584124836,0.03435058806196921,241
53,5570294,5570407,16.086746336486016,16.24900732562336,-1.0,114
53,5570493,5570553,16.369991453673514,16.45681543109211,-1.0,61
53,5570602,5570669,16.52513574078289,16.621923097107736,-1.0,68
53,5570683,5570863,16.640426512267265,16.898051515076485,-0.265484823478619,181
53,5571212,5571358,17.393374754454765,17.602606202576485,0.4851765551495951,147
53,5571692,5571872,18.076579344298516,18.334204347107736,-0.037688848140075906,181
53,5571972,5572025,18.47511523297039,18.551975831482736,-1.0,54
53,5572244,5572461,18.862264402892265,19.17255322406086,0.31242008037586133,218
53,5572567,5572639,19.322004148986014,19.42590820452961,-1.0,73
53,5572955,5573042,19.874260984923517,19.99951513812336,0.32721788280716196,88
54,5621518,5621724,-19.38394970843586,-19.08931786968914,0.029427656100806776,207
54,5621876,5621920,-18.87439306781086,-18.810342527892264,-1.0,45
54,5621994,5622034,-18.70643847796711,-18.64808154156414,-1.0,41
54,5622198,5622370,-18.41607666156086,-18.16983837750164,0.25286713680136597,173
54,5622438,5622507,-18.074474366638984,-17.974840574767263,-1.0,70
54,5622835,5623107,-17.509407472107736,-17.12083495953289,-0.05007583727619337,273
54,5623592,5623639,-16.43193701312336,-16.36361669781414,-1.0,48
54,5623895,5623956,-16.000664308045234,-15.91241699078289,-0.7536613574765737,62
54,5624411,5624465,-15.266219483826484,-15.18793554547039,-1.0,55
54,5626576,5626624,-12.18468261859211,-12.114938719298515,-1.0,49
54,5627219,5627289,-11.26947314593586,-11.16841601422039,-1.0,71
54,5627596,5627809,-10.73287304827961,-10.42827783062664,0.19849210332694608,214
54,5627875,5627925,-10.335760499451485,-10.26316992047039,-1.0,51
54,5628156,5628205,-9.93580127093586,-9.864634031798515,-1.0,50
54,5628331,5628496,-9.68671630999836,-9.45044140484539,0.0705936487526885,166
54,5628695,5628798,-9.168619386170235,-9.02059179547039,-1.0,104
54,5628931,5629069,-8.832710694763986,-8.634865965392265,0.08103146547415699,139
54,5629189,5629288,-8.46548828265461,-8.32315380718914,-1.0,100
54,5629559,5629601,-7.938851319763985,-7.877647703673515,-1.0,43
54,5629637,5629805,-7.82783056781086,-7.587285887267265,0.36502258352996236,169
54,5630295,5630511,-6.891271241638985,-6.58240576031414,0.319092679958915,217
54,5630830,5630878,-6.129782960388985,-6.06003906109539,-1.0,49
54,5630902,5631103,-6.02730224749836,-5.73978710797039,0.12545900278755065,202
54,5631242,5631319,-5.54336572406086,-5.432344969298515,-1.0,78
54,5631587,5631823,-5.05231250140461,-4.714980223204765,-0.01847438005913851,237
54,5632099,5632166,-4.32356103656086,-4.226773680236015,-1.0,68
54,5632269,5632361,-4.08159277484211,-3.949221922423515,-1.0,93
54,5632374,5632421,-3.932141847107735,-3.86382128765789,-1.0,48
54,5632471,5632646,-3.79407763812336,-3.54356933453289,0.0,176
54,5633039,5633081,-2.985618897888985,-2.924415281798515,-1.0,43
54,5633570,5633626,-2.229823976013985,-2.148693602111015,0.19755047936815326,57
54,5633628,5633698,-2.147270265076485,-2.04621288922039,0.19755047936815326,71
54,5634185,5634353,-1.35446826312336,-1.11392333843914,-0.3903688279644928,169
54,5634474,5634558,-0.943122315857735,-0.82213818218914,-1.0,85
54,5634792,5634917,-0.49049926898273494,-0.3111582017203901,0.0026010064238510783,126
54,5635003,5635052,-0.19017407367023492,-0.11900683453289007,-1.0,50
54,5635097,5635171,-0.056379884217109925,0.050370851013984926,-1.0,75
54,5635208,5635248,0.10161132672039007,0.15996826312335993,-1.0,41
54,5635510,5635557,0.531460691954765,0.59978125140461,-1.0,48
54,5635612,5635763,0.67664160015789,0.89298974749836,0.23378326986337938,152
54,5635881,5635956,1.0595207505485151,1.16769482562336,-1.0,76
54,5636167,5636227,1.466596922423515,1.553420655701485,-1.0,61
54,5636348,5636471,1.7242219224235151,1.90071630999836,-0.7126076709644221,124
54,5636508,5636571,1.951956785704765,2.043050538513985,-1.0,64
54,5636740,5636784,2.282172117736015,2.34622265765461,-1.0,45
54,5636854,5636932,2.444433348204765,2.556877198670235,-1.0,79
54,5636961,5637080,2.59673095562664,2.767531983826485,-0.10866124869463353,120
54,5637574,5637592,3.469239988829765,3.4962834486702348,-0.8129988167036559,19
54,5637594,5637764,3.4977067857047652,3.741098390076485,-0.8129988167036559,171
54,5638097,5638186,4.213648191954765,4.34174902484211,-0.4556297802759802,90
54,5638450,5638517,4.716088133361015,4.81287548968586,-1.0,68
54,5638644,5638890,4.992216551329765,5.34378222796711,-1.0,247
54,5638918,5638964,5.38221240093914,5.449109620545235,-1.0,47
54,5639048,5639120,5.56724706890789,5.671151124451485,-1.0,73
54,5639255,5639378,5.86187890484539,6.03837353656086,-0.22770955909868118,124
54,5639710,5639756,6.509499754454765,6.57639697406086,-1.0,47
54,5639786,5639805,6.61767382672039,6.646140870545235,-0.32796144113091014,20
54,5639807,5639875,6.647564207579765,6.745774659607735,-0.32796144113091014,69
54,5640362,5640499,7.437519285704765,7.633940675232735,-0.3118652550710546,138
54,5640602,5640651,7.77912158062664,7.85028857562336,-1.0,50
54,5640940,5641095,8.26021142437664,8.482252686951485,-1.0,156
54,5641571,5641654,9.158340574767266,9.27790136859211,-0.8790136253889519,84
54,5641775,5641968,9.448702391173516,9.724830811951485,-0.6017060225372522,194
54,5642036,5642186,9.82019482281414,10.03511963031086,0.11463236545530629,151
54,5642188,5642204,10.03654296734539,10.06073974749836,0.11463236545530629,17
54,5642263,5642435,10.143293699767264,10.389531983826485,-0.42429489376229795,173
54,5642508,5642587,10.49201269390789,10.605880128357734,0.1276165396821646,80
54,5642603,5642673,10.627230223204766,10.72828759906086,-0.8875724546453242,71
54,5643027,5643109,11.23072753765789,11.348864991638985,-0.48177525704513846,83
54,5643541,5643963,11.96232568218914,12.56439941546711,0.39701815628592496,423
54,5645405,5645457,14.615436277892265,14.69087353656086,-1.0,53
54,5645472,5645517,14.71080029156414,14.77627392718586,-1.0,46
54,5646348,5646396,15.95764843609539,16.02739209124836,-1.0,49
54,5646398,5646404,16.02881542828289,16.03877880999836,-1.0,7
54,5646495,5646591,16.166879637267265,16.304944093201485,-1.0,97
54,5646637,5646693,16.368994383361017,16.45012500140461,-1.0,57
54,5647032,5647084,16.93121484234539,17.00665185687336,-1.0,53
54,5647265,5647529,17.26285351422039,17.640039308045235,0.043019250937910036,265
54,5647531,5647822,17.641462645079766,18.057078858826486,0.043019250937910036,292
54,5647918,5647980,18.19229638531414,18.281967042420234,-1.0,63
54,5648242,5648496,18.65345947125164,19.016411866638986,0.09962318378105835,255
54,5648562,5648620,19.108928953673516,19.19290625140461,-1.0,59
54,5648701,5648723,19.306773680236017,19.339510499451485,-1.0,23
54,5648726,5648782,19.342357176329767,19.42348779437336,-1.0,57
55,5708823,5708864,-20.0,-19.940239012267266,-1.0,42
55,5708944,5709135,-19.82779492327961,-19.55451318218914,-0.27907375152583036,192
55,5709158,5709212,-19.523199464295235,-19.444915770079763,-1.0,55
55,5709291,5709338,-19.33389502093586,-19.265574461486015,-1.0,48
55,5709448,5709495,-19.11043017718586,-19.04210986187664,-1.0,48
55,5709604,5709815,-18.88838867327961,-18.58664013531414,-0.15087474744946075,212
55,5709848,5709894,-18.54109326312336,-18.474196043517264,-1.0,47
55,5710156,5710302,-18.10270361468586,-17.89347216656414,0.5097980698683864,147
55,5710659,5710879,-17.38676220843586,-17.07220361187664,0.07806440994272178,221
55,5711275,5711476,-16.509983155701484,-16.222468016173515,0.1210920854517384,202
55,5711888,5712065,-15.637474122498359,-15.38411913922039,0.14742033592253578,178
55,5712389,5712557,-14.92437939593586,-14.68383447125164,0.3833596516166717,169
55,5712586,5712628,-14.64398095843586,-14.58277734234539,-1.0,43
55,5712898,5713100,-14.19989795062336,-13.91095947125164,-0.25445882460655594,203
55,5713160,5713203,-13.826982179138986,-13.764355223204765,-1.0,44
55,5713463,5713671,-13.39570947406086,-13.09823095562664,0.04232613185843717,209
55,5713730,5713773,-13.015677003357736,-12.953049803282891,-1.0,44
55,5713884,5713884,-12.796482179138986,-12.795058836486016,-0.8494869244531987,1
55,5713888,5713936,-12.790788819763986,-12.72104492047039,-0.8494869244531987,49
55,5714142,5714323,-12.42925976702961,-12.17021142437664,0.31650742283594896,182
55,5714369,5714446,-12.10616113421711,-11.995140379454766,-1.0,78
55,5714515,5714589,-11.89835302874836,-11.791602293517265,-1.0,75
55,5714707,5714863,-11.62507129046711,-11.40160644390789,-0.3849580676786098,157
55,5715164,5715242,-10.97460351702961,-10.862159422423515,-1.0,79
55,5715316,5715541,-10.758255616638985,-10.43658007672039,-0.4127266919996592,226
55,5715555,5715598,-10.41807666156086,-10.355449461486016,-1.0,44
55,5715845,5716027,-10.005307374451485,-9.74483544781414,0.31685236144971163,183
55,5716369,5716536,-9.25947558734211,-9.020354246642265,0.7087766154865969,168
55,5716864,5716918,-8.554921143982735,-8.47663720562664,-0.6535400221386304,55
55,5716921,5716928,-8.47379052874836,-8.46240380718914,-0.6535400221386304,8
55,5716941,5716986,-8.44532373187336,-8.379849852111015,-1.0,46
55,5717056,5717212,-8.281639405701485,-8.058174559142264,0.27439726694609273,157
55,5717276,5717363,-7.96850390765461,-7.8432497544547655,-1.0,88
55,5717632,5717804,-7.46179394671711,-7.21555566265789,0.3499243608222853,173
55,5717923,5718000,-7.047601319763985,-6.93658056500164,-1.0,78
55,5718188,5718323,-6.67041552874836,-6.47684081890789,0.07713014969995564,136
55,5718415,5718471,-6.347316651795235,-6.26618603375164,-1.0,57
55,5718599,5718619,-6.085421632263985,-6.055531492736015,-1.0,21
55,5718621,5718657,-6.054108155701485,-6.00144433453289,-1.0,37
55,5718785,5718964,-5.820679933045235,-5.564478270079765,-0.17933040948861534,180
55,5719060,5719152,-5.42926074359211,-5.29688964703289,-1.0,93
55,5719285,5719328,-5.109008546326485,-5.04638134625164,-1.0,44
55,5719525,5719773,-4.76740625140461,-4.412993895079765,-0.1695288109630102,249
55,5719853,5719899,-4.30054980609211,-4.23365283062664,-1.0,47
55,5720150,5720362,-3.877817140076485,-3.574645262267265,0.5840310858192491,213
55,5720502,5720545,-3.3768005385139848,-3.31417333843914,-1.0,44
55,5720670,5720940,-3.137678956482735,-2.7519531235953902,0.10251145351836288,271
55,5721284,5721542,-2.26374658343586,-1.895100828673515,0.0,259
55,5722045,5722171,-1.180582765076485,-0.9998183579703901,0.34613476198454735,127
55,5722173,5722196,-0.99839502093586,-0.964234617736015,0.34613476198454735,24
55,5722402,5722462,-0.672449464295235,-0.5856254868766401,-1.0,61
55,5722644,5722771,-0.32800048968585993,-0.14581274273601508,0.3412805581439208,128
55,5722773,5722825,-0.14438940570148492,-0.06895214703289007,0.3412805581439208,53
55,5722856,5722900,-0.02625195452960993,0.03779858538898492,-1.0,45
55,5722964,5723006,0.12746899273601509,0.18867285296710992,-1.0,43
55,5723019,5723066,0.20575292828289007,0.27407348773273493,-0.9838674258209413,48
55,5723169,5723345,0.4192543931266401,0.67118603656086,0.1129548704313644,177
55,5723548,5723604,0.95870117047039,1.039831788513985,-1.0,57
55,5723708,5723776,1.18643603375164,1.2846467299202349,-1.0,69
55,5723792,5723935,1.305996824767265,1.510958253357735,0.03358670434975728,144
55,5724246,5724368,1.95219433453289,2.12726562640461,-1.0,123
55,5724433,5724512,2.21835937359539,2.332226808045235,-1.0,80
55,5724526,5724659,2.350730223204765,2.541458253357735,0.10499775232977505,134
55,5725053,5725167,3.100831785704765,3.264516358826485,-0.42583959415322625,115
55,5725391,5725433,3.581921629454765,3.64312548968586,-1.0,43
55,5725592,5725672,3.8680136704703902,3.983304444763985,-0.37249685128123683,81
55,5726002,5726140,4.45158398297039,4.64942871234211,-0.1724909902362505,139
55,5726727,5726837,5.483507566954765,5.64149853656086,-0.06651604316396953,111
55,5726923,5726967,5.762482664611015,5.826532960388985,-1.0,45
55,5727133,5727187,6.061384520079765,6.13966845843586,-0.6191267441661586,55
55,5727282,5727410,6.273462645079765,6.457073976013985,-0.566429657203683,129
55,5727809,5727853,7.023564207579765,7.08761474749836,-1.0,45
55,5727869,5728047,7.10896484234539,7.36374316546711,-0.464493207943364,179
55,5728156,5728220,7.517464109923515,7.60998144671711,-1.0,65
55,5728383,5728585,7.84056298687664,8.12950146624836,-0.8084627924556291,203
55,5728863,5728904,8.523767332579766,8.58354785296711,-1.0,42
55,5728918,5729013,8.60205126812664,8.738692140076484,-0.28817812189955555,96
55,5729192,5729251,8.992047117736014,9.07744775531086,-1.0,60
55,5729367,5729374,9.241132078673514,9.252518800232735,-0.813201162381879,8
55,5729376,5729566,9.253942137267265,9.525800538513986,-0.813201162381879,191
55,5729606,5729664,9.58131103375164,9.66528808734211,0.44256723766307826,59
55,5729666,5729830,9.666711668517266,9.90156298968586,0.44256723766307826,165
55,5729865,5729882,9.949956785704765,9.975576905701486,0.042565048400446656,18
55,5729884,5729944,9.977000242736015,10.06382422015461,0.042565048400446656,61
55,5729961,5730035,10.08659765484539,10.193348390076485,-0.38558277309558914,75
55,5730112,5730194,10.30152245953289,10.419659913513986,0.054068610285180736,83
55,5730274,5730454,10.53210400250164,10.78972900531086,-0.5624831184624277,181
55,5730609,5730691,11.008923582579765,11.12706103656086,-0.09664497057263642,83
55,5730948,5730992,11.491436766173514,11.55548730609211,-1.0,45
55,5731098,5731139,11.704938231017264,11.764718507263986,-1.0,42
55,5731370,5731413,12.09208740093914,12.154714601013985,-1.0,44
55,5731650,5731717,12.490623289611015,12.58741064593586,-1.0,68
55,5732559,5732605,13.78444189312664,13.85133886859211,-1.0,47
55,5733096,5733155,14.54877685406414,14.634177491638985,-1.0,60
55,5733709,5733798,15.421285887267265,15.54938672015461,-1.0,90
55,5734249,5734324,16.189890867736015,16.29806494281086,-1.0,76
55,5734344,5734627,16.32510839703289,16.72933789202961,-0.01020663310090773,284
55,5734629,5734673,16.73076122906414,16.79481152484211,-0.01020663310090773,45
55,5734769,5734818,16.930029051329765,17.00119629046711,-1.0,50
55,5735025,5735080,17.29440478375164,17.374112061951486,-1.0,56
55,5735193,5735208,17.53352636578289,17.55629980609211,-1.0,16
55,5735210,5735240,17.55772314312664,17.601846925232735,-1.0,31
55,5735344,5735392,17.74845117047039,17.818194825623358,-1.0,49
55,5735419,5735465,17.855201902892265,17.922098878357733,-1.0,47
55,5735467,5735503,17.923522215392264,17.97618603656086,-1.0,37
55,5735599,5735803,18.111403563048516,18.403188722107735,0.07885796967715514,205
55,5735855,5735897,18.47577929547039,18.53698291156086,-1.0,43
55,5736393,5736580,19.24153759625164,19.50912597796711,0.3842014234058504,188
55,5736736,5736797,19.72974413922039,19.817991456482734,-1.0,62
56,5788033,5788084,-19.81504785296711,-19.741033934142266,-1.0,52
56,5788101,5788352,-19.718260499451485,-19.35957812359539,0.3412842239999994,252
56,5788785,5789002,-18.744694093201485,-18.434405516173516,0.33953912928536095,218
56,5789524,5789751,-17.692843995545235,-17.36832177593914,-0.015025990375164732,228
56,5789753,5789843,-17.36689843890461,-17.237374266173514,-0.015025990375164732,91
56,5790018,5790117,-16.989712647888986,-16.84737841656414,-1.0,100
56,5790154,5790203,-16.796137940857736,-16.724970945861013,-1.0,50
56,5790407,5790535,-16.436032472107733,-16.252421141173514,0.21567260832277507,129
56,5790537,5790689,-16.250997804138986,-16.033226316954764,0.21567260832277507,153
56,5791057,5791133,-15.510859620545235,-15.40126220562664,-1.0,77
56,5791218,5791457,-15.281701417420235,-14.94009911968914,0.23229635629271392,240
56,5791791,5791841,-14.466126222107736,-14.39353564312664,-1.0,51
56,5791854,5792114,-14.37645556781086,-14.004963133361015,0.2749824196744416,261
56,5792116,5792139,-14.003539796326486,-13.969379637267265,0.2749824196744416,24
56,5792321,5792364,-13.711754640076485,-13.64912744000164,-1.0,44
56,5792499,5792729,-13.458399659607736,-13.12960742047039,0.3469042722587022,231
56,5793038,5793100,-12.69121777484211,-12.60154736187664,-1.0,63
56,5793419,5793693,-12.14892431781086,-11.757505125548516,-0.7171191197491376,275
56,5793717,5793761,-11.72476806781086,-11.66071777203289,-1.0,45
56,5793931,5793992,-11.42017285296711,-11.331925535704766,-1.0,62
56,5794017,5794245,-11.297765382263986,-10.97181982281414,-0.49584068483620086,229
56,5794689,5794915,-10.341279054138985,-10.018180418517264,0.09078247578634185,227
56,5795012,5795056,-9.88153955218586,-9.817489012267265,-1.0,45
56,5795058,5795059,-9.816065675232736,-9.813218992736015,-1.0,2
56,5795114,5795159,-9.73635839984211,-9.67088476422039,-1.0,46
56,5795283,5795322,-9.49581347796711,-9.43887988140789,0.1439905222776795,40
56,5795324,5795558,-9.43745654437336,-9.102970945861015,0.1439905222776795,235
56,5795699,5795704,-8.90370312640461,-8.89516308453289,-1.0,6
56,5795706,5795754,-8.89373974749836,-8.823995848204765,-1.0,49
56,5795988,5796327,-8.49235693499836,-8.00842040875164,-0.0882260269939889,340
56,5796473,5796514,-7.802035890076485,-7.74225536968914,-1.0,42
56,5796785,5796792,-7.357952882263985,-7.346566160704765,-0.05815692184015162,8
56,5796794,5797102,-7.345142823670235,-6.90533007672039,-0.05815692184015162,309
56,5797133,5797215,-6.862629640076485,-6.74449218609539,-1.0,83
56,5797254,5797327,-6.69040527484211,-6.585077879454765,-1.0,74
56,5797342,5797391,-6.565151124451485,-6.49398388531414,-1.0,50
56,5797421,5797475,-6.45270703265461,-6.374423094298515,0.15065076475124994,55
56,5797478,5797637,-6.371576417420235,-6.143841551329765,0.15065076475124994,160
56,5797985,5798085,-5.649941651795235,-5.50618408062664,0.1885776170802904,101
56,5798087,5798233,-5.50476074359211,-5.295529539611015,0.1885776170802904,147
56,5798474,5798522,-4.95392724749836,-4.884183348204765,-1.0,49
56,5798646,5798648,-4.70911230609211,-4.70484228375164,0.11561897520719637,3
56,5798650,5798664,-4.70341894671711,-4.68206884625164,0.11561897520719637,15
56,5798666,5798906,-4.6806455092171095,-4.337619871642265,0.11561897520719637,241
56,5798999,5799057,-4.20667236468586,-4.122695066954765,-1.0,59
56,5799317,5799623,-3.75404931781086,-3.317083250548515,0.011264945798526453,307
56,5799938,5800260,-2.870153565857735,-2.410413816954765,-0.1277488085518764,323
56,5800398,5800455,-2.21541601702961,-2.132862059142265,-1.0,58
56,5800647,5800703,-1.861003663513985,-1.77987304547039,-1.0,57
56,5800754,5800961,-1.70870605609211,-1.412650633361015,0.23593024196818724,208
56,5800963,5801002,-1.411227296326485,-1.354293699767265,0.23593024196818724,40
56,5801455,5801493,-0.710942628357735,-0.655432371642265,0.0,39
56,5801495,5801641,-0.654009034607735,-0.44477758648601506,0.0,147
56,5801643,5801717,-0.44335424945148494,-0.3366035142203901,0.0,75
56,5801778,5801818,-0.2512031264046099,-0.19284594586101508,-1.0,41
56,5801843,5801887,-0.15868579242023492,-0.09463525250164007,-1.0,45
56,5802294,5802510,0.48324169781414006,0.792107179138985,-0.26754549734433536,217
56,5802918,5803150,1.371407469298515,1.70304638812336,-0.13177197260478374,233
56,5803492,5803656,2.18840624859539,2.42325781390461,-0.23006677231586978,165
56,5803974,5804038,2.87445751812664,2.96697461077961,-1.0,65
56,5804257,5804416,3.277263426329765,3.504998292420235,-0.013737512094441918,160
56,5804444,5804495,3.543428465392265,3.61744238421711,-1.0,52
56,5804583,5804588,3.741273191954765,3.749813233826485,-1.0,6
56,5804590,5804662,3.751236570861015,3.855140382263985,-1.0,73
56,5804773,5804830,4.011708250548515,4.094261964295235,-1.0,58
56,5804877,5805033,4.15973583843914,4.38320068499836,-0.7920793686161465,157
56,5805187,5805187,4.600971922423515,4.602395265076485,-1.0,1
56,5805189,5805232,4.60381884625164,4.66644580218586,-1.0,44
56,5805398,5805589,4.90129736187664,5.17457910296711,-0.5494006674320412,192
56,5805611,5805661,5.20446923687664,5.277059815857735,-1.0,51
56,5805698,5805741,5.328300047423515,5.39092724749836,-1.0,44
56,5805999,5806159,5.756726316954765,5.985884522888985,-0.030362246358301412,161
56,5806482,5806543,6.44420068218914,6.532447999451485,-1.0,62
56,5806737,5806879,6.807153074767265,7.010691163513985,-0.084113452890538,143
56,5806955,5807008,7.11744189312664,7.19430224749836,-1.0,54
56,5807238,5807491,7.520247801329765,7.88177685687336,-1.0,254
56,5807529,5807556,7.93444042828289,7.974294190857735,-1.0,28
56,5807558,5807606,7.975717527892265,8.045461183045235,-1.0,49
56,5807833,5808050,8.36713671734539,8.67742529437336,-0.4054536229874445,218
56,5808382,5808474,9.14855175640789,9.280922608826485,-0.66691162477098,93
56,5808539,5808724,9.37201660015789,9.63675830218586,-1.0,186
56,5808749,5808907,9.67091845562664,9.89722998187336,0.39298929646802006,159
56,5808936,5809189,9.937083738829765,10.29861279437336,-0.3532033600874191,254
56,5809229,5809495,10.35412304547039,10.734155518982735,0.7917734200724003,267
56,5809558,5809650,10.82240283062664,10.954773683045236,1.0,93
56,5809687,5809910,11.006013914611016,11.32484277484211,0.1729062698997695,224
56,5810017,5810069,11.475717039611014,11.55115429827961,-1.0,53
56,5810098,5810354,11.59100781109539,11.956806886170234,0.4739032136651646,257
56,5810498,5810518,12.160344969298515,12.190235108826485,-1.0,21
56,5810520,5810544,12.191658445861014,12.227241944763986,-1.0,25
56,5810589,5810683,12.28986913922039,12.425086671326484,-1.0,95
56,5810876,5810962,12.698368406798515,12.82219922015461,-1.0,87
56,5810995,5811090,12.86774609234539,13.004386964295234,-1.0,96
56,5811634,5811702,13.77726220562664,13.87547265765461,-1.0,69
56,5811704,5811746,13.87689599468914,13.938099854920235,-1.0,43
56,5811762,5811813,13.959449949767265,14.03346386859211,-1.0,52
56,5812315,5812407,14.74655859234539,14.878929444763985,-1.0,93
56,5812433,5812480,14.914512938048516,14.982833253357734,-1.0,48
56,5812733,5812849,15.34151562359539,15.50804687640461,-1.0,117
56,5813090,5813165,15.84964892437664,15.957822999451485,-1.0,76
56,5813410,5813470,16.30511865093914,16.391942628357736,-1.0,61
56,5813753,5813802,16.79332519390789,16.864492433045235,-1.0,50
56,5813880,5813934,16.97408984234539,17.05237353656086,-1.0,55
56,5814049,5814096,17.214634520079766,17.28295507952961,-1.0,48
56,5814120,5814221,17.31569189312664,17.460872804138987,-1.0,102
56,5814474,5814537,17.81955517437664,17.910649171326487,-1.0,64
56,5814668,5814717,18.095683836486014,18.166850831482733,-1.0,50
56,5814851,5814979,18.356155516173516,18.53976660296711,-1.0,129
56,5815163,5815257,18.80023827984539,18.935455811951485,-1.0,95
56,5815259,5815272,18.936879148986016,18.95680615374836,-1.0,14
56,5815444,5815538,19.20019775250164,19.335415284607734,-1.0,95
56,5815599,5815650,19.420815672423515,19.49482959124836,-0.812314008428014,52
56,5815667,5815718,19.51760302593914,19.591616944763985,-1.0,52
56,5815730,5815779,19.607273680236016,19.678440675232736,-1.0,50
56,5815792,5815851,19.69552099468914,19.78092138812336,-1.0,60
56,5815972,5816005,19.95172265484539,20.0,-1.0,34
57,5867613,5867804,-19.75943945452961,-19.48615771343914,0.41788816950468405,192
57,5868004,5868045,-19.20291259906086,-19.143132078673514,-1.0,42
57,5868189,5868349,-18.93959423968586,-18.71043603375164,0.339734718708109,161
57,5868690,5868985,-18.22649951312336,-17.80518994000164,-0.14075939722369563,296
57,5869280,5869478,-17.386727296326484,-17.103482176329766,0.36501179585567584,199
57,5869517,5869562,-17.04939502093586,-16.98392138531414,-1.0,46
57,5869641,5869691,-16.872900636170236,-16.80031005718914,-1.0,51
57,5869708,5869774,-16.77753662249836,-16.682172606017264,-1.0,67
57,5869894,5870089,-16.51279492327961,-16.23381982281414,0.2866196307565519,196
57,5870437,5870613,-15.73991992327961,-15.48798827984539,0.44912708044623967,177
57,5870615,5870630,-15.48656494281086,-15.463791258361015,0.44912708044623967,16
57,5871036,5871238,-14.887337647888986,-14.59839892437664,0.24617672945068625,203
57,5871597,5871618,-14.08884228656086,-14.05752880718914,0.07961851642147551,22
57,5871620,5871810,-14.056105470154609,-13.78424706890789,0.07961851642147551,191
57,5872155,5872333,-13.29461718890461,-13.03983886578289,0.4744157945834426,179
57,5872335,5872358,-13.03841552874836,-13.00425536968914,0.4744157945834426,24
57,5872398,5872440,-12.948744874451485,-12.887541258361015,-1.0,43
57,5872624,5872686,-12.627069581482735,-12.53739892437664,-1.0,63
57,5872753,5872802,-12.443458253357734,-12.37229101422039,0.0,50
57,5872804,5872971,-12.37086767718586,-12.131746336486016,0.0,168
57,5873212,5873400,-11.79014404437336,-11.52113232281414,-0.13467871572271675,189
57,5873402,5873433,-11.51970898577961,-11.474161863829766,-0.13467871572271675,32
57,5873504,5873575,-11.37452783343586,-11.27204736187664,-1.0,72
57,5873627,5873696,-11.199456788513984,-11.09982275250164,-0.5563309753499938,70
57,5874185,5874345,-10.405231690857734,-10.176073484923515,0.1988575617613299,161
57,5874742,5875016,-9.61242968890461,-9.221010496642265,-0.40010497180626453,275
57,5875472,5875713,-8.57338964984211,-8.228940672423516,-0.20334298744229923,242
57,5875804,5875848,-8.10083984515461,-8.036789305236015,-1.0,45
57,5875977,5876089,-7.85460156390461,-7.693763914611015,-1.0,113
57,5876207,5876369,-7.527232667420235,-7.295227781798515,0.2863446825160013,163
57,5876804,5876949,-6.67749707171711,-6.469689207579765,0.4210263601826023,146
57,5877064,5877098,-6.307427979920235,-6.257611082579765,-1.0,35
57,5877100,5877164,-6.256187745545235,-6.16367040875164,-1.0,65
57,5877242,5877286,-6.054072999451485,-5.990022703673515,-0.5734856099238849,45
57,5877460,5877531,-5.743784425232735,-5.64130370953289,-0.03222892980462645,72
57,5877533,5877618,-5.63988037249836,-5.517472898986015,-0.03222892980462645,86
57,5877636,5877680,-5.493276124451485,-5.42922558453289,-1.0,45
57,5877694,5877772,-5.41072216937336,-5.298278074767265,-1.0,79
57,5877878,5877935,-5.14882714984211,-5.066273191954765,-1.0,58
57,5878069,5878127,-4.87696875140461,-4.792991453673515,0.27335159781872465,59
57,5878129,5878275,-4.791568116638985,-4.58233691265789,0.27335159781872465,147
57,5878452,5878508,-4.331828370545235,-4.250697996642265,-1.0,57
57,5878653,5878702,-4.045736573670235,-3.974569578673515,0.45631220937712114,50
57,5878704,5878717,-3.973146241638985,-3.95321923687664,0.45631220937712114,14
57,5878719,5878770,-3.95179589984211,-3.87778222515789,0.45631220937712114,52
57,5878772,5878889,-3.87635888812336,-3.70840429547039,0.45631220937712114,118
57,5878985,5879037,-3.573186768982735,-3.497749754454765,-0.8105294688989961,53
57,5879547,5879732,-2.773268311951485,-2.508526609923515,0.3917437525226112,186
57,5880059,5880274,-2.044516847107735,-1.737074949767265,0.4498539333977104,216
57,5880367,5880420,-1.606127198670235,-1.5292668442985151,-1.0,54
57,5880772,5880977,-1.029673585388985,-0.73646484234539,0.271222735940215,206
57,5881258,5881390,-0.3379289564827349,-0.1486245103141401,-1.0,133
57,5881475,5881522,-0.02906372210773493,0.039256837342109926,-0.4822624006609382,48
57,5881553,5881609,0.08195702984539006,0.16308764788898492,-0.5130983656278151,57
57,5881611,5881869,0.16451098492351507,0.53315673968586,-0.5130983656278151,259
57,5882152,5882275,0.934539305236015,1.111033936951485,-0.5300650067584268,124
57,5882277,5882361,1.112457273986015,1.23344140765461,-0.5300650067584268,85
57,5882488,5882533,1.412782469298515,1.478256104920235,-1.0,46
57,5882613,5882657,1.59070019390789,1.654750733826485,-1.0,45
57,5882769,5883063,1.81274169781414,2.23262793109211,-0.4884967479384532,295
57,5883084,5883134,2.26109472515789,2.33368505999836,-1.0,51
57,5883242,5883295,2.48598290875164,2.56284326312336,-1.0,54
57,5883387,5883428,2.692367430236015,2.75214795062336,-1.0,42
57,5883635,5883743,3.04535644390789,3.200500733826485,-0.5319639947423451,109
57,5884100,5884228,3.70721093609539,3.890822022888985,-1.0,129
57,5884317,5884489,4.01607617047039,4.26231445452961,-0.285624520267002,173
57,5884742,5884784,4.620996824767265,4.682200440857735,-0.9083883372382574,43
57,5884919,5884981,4.872928465392265,4.96259912249836,-1.0,63
57,5885046,5885205,5.05369286968914,5.2814277357796096,-0.9670868486118981,160
57,5885397,5885457,5.55328613140789,5.640110108826485,-1.0,61
57,5885483,5885656,5.675693602111015,5.923355226013985,-0.4240778210606333,174
57,5885659,5885717,5.926201902892265,6.01017920062336,-0.4240778210606333,59
57,5885779,5885854,6.097003172423515,6.20517724749836,-0.6153452331948307,76
57,5885856,5885859,6.20660058453289,6.21229394671711,-0.6153452331948307,4
57,5886180,5886291,6.667763426329765,6.827177979920235,-0.2923742953364072,112
57,5886779,5886919,7.52034570172039,7.72103711077961,0.12611397476920955,141
57,5887555,5887620,8.624859617736014,8.71880029437336,-0.39901440357397544,66
57,5887622,5887694,8.72022363140789,8.824127686951485,-0.39901440357397544,73
57,5887847,5887857,9.040475828673515,9.056132569763985,-1.0,11
57,5887859,5887987,9.057555906798514,9.24116699359211,-1.0,129
57,5888090,5888322,9.386347898986015,9.71798681781086,-0.728276683606253,233
57,5888340,5888382,9.74218359234539,9.803387452576485,0.035361747634498,43
57,5888417,5888632,9.851781004454764,10.15922314593586,0.06173196913819517,216
57,5888788,5888802,10.379841063048515,10.40119140765461,-0.16289783724883736,15
57,5888805,5888920,10.40403808453289,10.569145753357734,-0.16289783724883736,116
57,5889100,5889145,10.823924070861015,10.88939795062336,-0.07965109645241339,46
57,5889252,5889254,11.040272215392266,11.044542237732735,0.5852632030323307,3
57,5889256,5889422,11.045965574767266,11.283663819763985,0.5852632030323307,167
57,5889424,5889451,11.285087156798514,11.324940675232735,0.5852632030323307,28
57,5889840,5889935,11.87719775250164,12.013838624451484,-1.0,96
57,5890074,5890160,12.21025976422039,12.334090577576484,-0.7999661990514547,87
57,5890192,5890239,12.37821435406414,12.44653466937336,-0.8201673118770617,48
57,5890946,5891003,13.45141454937664,13.533968507263985,-1.0,58
57,5891082,5891152,13.64498925640789,13.746046632263985,-1.0,71
57,5891207,5891259,13.822906981017265,13.89834423968586,-1.0,53
57,5891289,5891335,13.93962109234539,14.006518311951485,-1.0,47
57,5891623,5891668,14.41501757672039,14.480491456482735,-1.0,46
57,5892254,5892321,15.313146727111015,15.40993408343586,-1.0,68
57,5892810,5892882,16.10452538922039,16.208429444763986,-1.0,73
57,5893022,5893092,16.40627392437664,16.507331300232735,-1.0,71
57,5893105,5893148,16.524411375548514,16.58703857562336,-1.0,44
57,5893207,5893278,16.66959228375164,16.772072999451485,-1.0,72
57,5893580,5893678,17.200499266173516,17.34141015765461,-1.0,99
57,5893833,5893884,17.56060497906414,17.63461865374836,-1.0,52
57,5893887,5893954,17.63746533062664,17.734252686951486,-1.0,68
57,5894155,5894161,18.018921141173514,18.028884522888983,-1.0,7
57,5894163,5894196,18.030307859923514,18.07870166156086,-1.0,34
57,5894247,5894249,18.14986865093914,18.15413867327961,0.8639819392903263,3
57,5894251,5895192,18.15556201031414,19.496350831482737,0.8639819392903263,942
57,5895476,5895546,19.89915673687664,20.0,-0.11075371131013337,71
58,5944048,5944123,-19.812243897888983,-19.70406982281414,-1.0,76
58,5944264,5944457,-19.50480175921711,-19.22867333843914,0.5914142106723441,194
58,5944471,5944520,-19.21016992327961,-19.139002684142266,-1.0,50
58,5944824,5945021,-18.70772998187336,-18.425907957579764,0.16106058807444565,198
58,5945039,5945097,-18.401711183045236,-18.317734129454767,-1.0,59
58,5945138,5945161,-18.26080029437336,-18.22664013531414,-1.0,24
58,5945163,5945190,-18.22521679827961,-18.18536327984539,-1.0,28
58,5945422,5945467,-17.856571046326486,-17.79109716656414,-1.0,46
58,5945631,5945745,-17.55909228656086,-17.395407957579764,0.6297421034032826,115
58,5945747,5945752,-17.393984620545236,-17.385444578673514,0.6297421034032826,6
58,5946115,5946303,-16.870194581482735,-16.601182859923515,0.7007850329782846,189
58,5946700,5946825,-16.03753906390461,-15.858197996642264,0.4750689977644233,126
58,5947092,5947133,-15.47958886859211,-15.419808348204764,-1.0,42
58,5947168,5947345,-15.371414796326485,-15.118059813048514,0.27311726788538143,178
58,5947759,5947959,-14.53021923968586,-14.24412744000164,0.6156707915468964,201
58,5948214,5948255,-13.882598390076485,-13.82281786968914,-1.0,42
58,5948323,5948568,-13.72745410296711,-13.377311766173515,-0.24693916595740403,246
58,5948760,5948810,-13.10545312640461,-13.03286279156414,-1.0,51
58,5948892,5949073,-12.917572022888985,-12.658523680236016,-0.04716567105037518,182
58,5949407,5949596,-12.184550538513985,-11.914115477111014,0.06723181783278705,190
58,5949718,5949763,-11.741890870545236,-11.676417234923514,-1.0,46
58,5949810,5949868,-11.61094336077961,-11.52696630718914,-1.0,59
58,5949907,5950096,-11.472879151795235,-11.202444090392264,0.0460080159026465,190
58,5950428,5950606,-10.731317628357735,-10.476539305236015,-0.15076864733362075,179
58,5951035,5951216,-9.86734863421711,-9.60830029156414,0.35729375868026475,182
58,5951241,5951300,-9.57414013812336,-9.488739500548515,-1.0,60
58,5951425,5951465,-9.31224511859211,-9.253887938048514,-1.0,41
58,5951629,5951666,-9.021883058045235,-8.967796141173515,0.32031679020086273,38
58,5951668,5951795,-8.966372804138985,-8.78418505718914,0.32031679020086273,128
58,5952123,5952269,-8.31875195452961,-8.10952050640789,0.1831345974877525,147
58,5952271,5952301,-8.10809716937336,-8.06397363140789,0.1831345974877525,31
58,5952408,5952471,-7.91309912249836,-7.82200536968914,-1.0,64
58,5952594,5952636,-7.64835742327961,-7.58715380718914,-1.0,43
58,5952661,5952829,-7.55299365374836,-7.3124487290641405,0.4839514128905754,169
58,5952996,5953061,-7.07617382952961,-6.982233152892265,-0.2176257576123449,66
58,5953112,5953230,-6.91106591937336,-6.741688231017265,-0.8546720444967356,119
58,5953253,5953299,-6.710374757263985,-6.64347753765789,-1.0,47
58,5953623,5953676,-6.183738038513985,-6.10687744000164,-1.0,54
58,5954007,5954163,-5.63717431781086,-5.41370947125164,0.4042189740560349,157
58,5954297,5954346,-5.224405030701485,-5.15323779156414,-1.0,50
58,5954623,5954681,-4.760395265076485,-4.67641796734539,0.0,59
58,5954684,5954792,-4.67357129046711,-4.518427000548515,0.0,109
58,5955269,5955427,-3.84091601702961,-3.61460449078289,0.055997289091874736,159
58,5955945,5956119,-2.87873632952961,-2.62965136578289,-0.10357688527222654,175
58,5956461,5956604,-2.1442915053108598,-1.93933007672039,0.46497039647786576,144
58,5956823,5956868,-1.62904150531086,-1.563567625548515,-1.0,46
58,5957010,5957184,-1.36287646624836,-1.11379150250164,0.5445612598100762,175
58,5957469,5957549,-0.70956201312336,-0.5942712388297651,-1.0,81
58,5957590,5957593,-0.537337647888985,-0.5316442857047651,-0.44104114764486596,4
58,5957595,5957841,-0.530220948670235,-0.17865527203289008,-0.44104114764486596,247
58,5957872,5957936,-0.13595507952960992,-0.04343774273601508,-1.0,65
58,5957996,5958045,0.040539549376640074,0.11170654437335993,-1.0,50
58,5958276,5958458,0.43907543804851507,0.6995471205452349,0.2804010494677302,183
58,5959030,5959147,1.51227587750164,1.680230226013985,-1.0,118
58,5959193,5959291,1.74428076031414,1.885191651795235,-0.2713571574529985,99
58,5959474,5959514,2.144239988829765,2.202596925232735,-1.0,41
58,5959667,5959856,2.418945066954765,2.689380128357735,-0.9051904023731994,190
58,5960295,5960407,3.31280419781414,3.47364209124836,-0.4335412508613487,113
58,5960522,5960563,3.635903074767265,3.695683351013985,-1.0,42
58,5960660,5960714,3.83232421734539,3.910608155701485,-1.0,55
58,5960759,5960900,3.97323535015789,4.175349854920235,0.14031881130117116,142
58,5960918,5960979,4.199546629454765,4.28779394671711,-1.0,62
58,5961061,5961108,4.403084715392265,4.47140527484211,-1.0,48
58,5961216,5961274,4.623702879454765,4.70768017718586,-1.0,59
58,5961312,5961462,4.76034374859539,4.97526855609211,-0.6236801822628503,151
58,5961842,5961948,5.51471533062664,5.6670129408577345,-0.10645185127567555,107
58,5962015,5962069,5.76095361187664,5.839237550232735,-1.0,55
58,5962090,5962136,5.867704344298515,5.934601319763985,-1.0,47
58,5962387,5962500,6.29043701031414,6.45269824359211,0.22172677744453181,114
58,5962885,5962978,6.99926171734539,7.133055909607735,-0.2705566935082261,94
58,5963340,5963454,7.646882566954765,7.810567140076485,-0.06422955787905958,115
58,5963906,5964053,8.45249462750164,8.663149171326484,-0.2407782664240352,148
58,5964208,5964257,8.882343992736015,8.95351123187336,-1.0,50
58,5964273,5964313,8.97486132672039,9.03321826312336,-1.0,41
58,5964390,5964557,9.141392332579764,9.380513917420235,-1.0,168
58,5964574,5964669,9.403287352111015,9.539928468201484,-0.2708378296527894,96
58,5964760,5964851,9.66802929547039,9.798976808045236,-0.26481634663152115,92
58,5964894,5965111,9.858757078673515,10.16904589984211,0.5513380090896371,218
58,5965139,5965537,10.20747607281414,10.775389893982736,0.07182528552377596,399
58,5965646,5965777,10.92911083843914,11.116991944763985,0.010720749293007628,132
58,5966010,5966158,11.44720751812664,11.65928564593586,0.9573492946494861,149
58,5966173,5966293,11.67921240093914,11.851436768982735,1.0,121
58,5966328,5966466,11.89983056500164,12.097675050232734,0.6146055355059953,139
58,5966543,5966587,12.20584911968914,12.269899659607734,-1.0,45
58,5967488,5967589,13.550907957579765,13.69608886859211,-1.0,102
58,5968818,5968885,15.44395361187664,15.540740968201485,-1.0,68
58,5969251,5969307,16.060260984923517,16.14139160296711,-1.0,57
58,5969831,5969873,16.88579980328289,16.94700341937336,-1.0,43
58,5971024,5971072,18.58384765484539,18.65359130999836,-1.0,49
58,5971350,5971396,19.047857176329764,19.11475439593586,-1.0,47
58,5971844,5971886,19.750988523986017,19.81219238421711,-1.0,43
59,6034953,6035121,-19.557280030701484,-19.316735106017266,0.2891970551042134,169
59,6035645,6035855,-18.572326905701484,-18.27200146343914,0.4224546811313914,211
59,6036201,6036245,-17.78094824359211,-17.71689794781414,-1.0,45
59,6036360,6036496,-17.55463672015461,-17.359638914611015,0.4185973154870457,137
59,6036498,6036579,-17.358215577576484,-17.24150146343914,0.4185973154870457,82
59,6037042,6037101,-16.583917237732734,-16.498516600157892,-0.0875659619544646,60
59,6037103,6037239,-16.49709326312336,-16.30209521343914,-0.0875659619544646,137
59,6037447,6037538,-16.00746338031086,-15.876515867736016,-1.0,92
59,6037739,6037868,-15.591847413513985,-15.406812742736015,0.2143282437302356,130
59,6037870,6037916,-15.405389405701484,-15.338492430236014,0.2143282437302356,47
59,6038354,6038587,-14.71649170062336,-14.383429441954766,0.4243644247747813,234
59,6038910,6039059,-13.925113038513985,-13.711611570861015,0.16460974911932677,150
59,6039427,6039467,-13.189244874451486,-13.130887938048515,0.46468885297251405,41
59,6039469,6039588,-13.129464601013986,-12.958663328673515,0.46468885297251405,120
59,6039884,6040053,-12.53877734515461,-12.29680908062664,-0.17686444943751675,170
59,6040055,6040099,-12.29538574359211,-12.231335203673515,-0.17686444943751675,45
59,6040455,6040585,-11.726048585388986,-11.53959081890789,0.12458862435733131,131
59,6040686,6040750,-11.397256593201485,-11.30473925640789,-1.0,65
59,6040887,6041122,-11.11116455218586,-10.77525585797039,0.08757411600876615,236
59,6041608,6041803,-10.08493457171711,-9.80595947125164,0.22547332945662124,196
59,6041911,6041970,-9.653661866638984,-9.56826122906414,-1.0,60
59,6041998,6042039,-9.52983105609211,-9.470050535704765,-1.0,42
59,6042168,6042295,-9.28786279437336,-9.10567480328289,-0.021167319550955393,128
59,6042298,6042362,-9.10282812640461,-9.010310789611015,-0.021167319550955393,65
59,6042764,6042949,-8.439550538513984,-8.174808836486015,0.23584731335676842,186
59,6043228,6043285,-7.779119386170235,-7.696565672423515,-1.0,58
59,6043502,6043614,-7.38912353656086,-7.228285887267265,0.3103963192226893,113
59,6043616,6043617,-7.226862550232735,-7.224015867736015,0.3103963192226893,2
59,6043620,6043668,-7.221169190857735,-7.15142529156414,0.3103963192226893,49
59,6044036,6044340,-6.62905859515461,-6.194939207579765,-0.055154446333118494,305
59,6044652,6044809,-5.752279542420235,-5.527391356017265,0.337048310353347,158
59,6044811,6044850,-5.525968018982735,-5.4690344224235155,0.337048310353347,40
59,6044904,6044960,-5.3935971693733595,-5.31246679547039,-1.0,57
59,6044998,6045051,-5.259802979920235,-5.18294238140789,-1.0,54
59,6045084,6045124,-5.13739550921711,-5.07903857281414,-1.0,41
59,6045204,6045394,-4.966594483826485,-4.694736082579765,0.0986666492736828,191
59,6045396,6045471,-4.693312745545235,-4.58513867047039,0.0986666492736828,76
59,6045525,6045603,-4.509701417420235,-4.39725732281414,-1.0,79
59,6045887,6045993,-3.994451417420235,-3.84215380718914,0.2631595004875085,107
59,6045995,6046085,-3.84073047015461,-3.711206297423515,0.2631595004875085,91
59,6046504,6046586,-3.11624902484211,-2.998111570861015,-0.13616116729822944,83
59,6046588,6046715,-2.996688233826485,-2.814500242736015,-0.13616116729822944,128
59,6046835,6046915,-2.64512255999836,-2.529831785704765,-1.0,81
59,6047041,6047115,-2.35191406390461,-2.245163328673515,-1.0,75
59,6047162,6047171,-2.17968945452961,-2.16545605328289,-0.2801104619790291,10
59,6047174,6047351,-2.16260937640461,-1.90925439312664,-0.2801104619790291,178
59,6047599,6047765,-1.557688722107735,-1.319990477111015,-0.3352346643837882,167
59,6047767,6047804,-1.318567140076485,-1.264480223204765,-0.3352346643837882,38
59,6048224,6048357,-0.66809961077961,-0.4773715806266401,0.0,134
59,6048359,6048406,-0.4759482435921099,-0.4076279282828901,0.0,48
59,6048522,6048572,-0.24394360492023492,-0.1713530259391401,-1.0,51
59,6048765,6048889,0.10192870953289007,0.2798466810921099,-0.34580285473504085,125
59,6049054,6049141,0.5132749009391401,0.638529054138985,-1.0,88
59,6049286,6049405,0.84349023297039,1.0142915053108599,-0.06026118668710905,120
59,6049678,6049723,1.401440672423515,1.466914308045235,-1.0,46
59,6049798,6049912,1.57224169781414,1.735926026795235,-0.2050985573123113,115
59,6050188,6050238,2.1273454575797652,2.199935792420235,-1.0,51
59,6050263,6050363,2.2340959458610152,2.377853761170235,-0.044426343781770204,101
59,6050777,6050881,2.965694090392265,3.115145265076485,-0.8370264447543848,105
59,6051020,6051075,3.31156640484539,3.391273683045235,-1.0,56
59,6051181,6051244,3.54072460797039,3.631818604920235,-1.0,64
59,6051325,6051468,3.74568603375164,3.950647218201485,-0.10189857812882837,144
59,6051856,6051900,4.50148095562664,4.56553125140461,-0.31864909960051097,45
59,6051902,6051987,4.56695458843914,4.689362061951485,-0.31864909960051097,86
59,6052068,6052069,4.80322949078289,4.80607617327961,-1.0,2
59,6052071,6052126,4.80749951031414,4.887206788513985,-1.0,56
59,6052189,6052243,4.97545410015789,5.05373779437336,-1.0,55
59,6052314,6052358,5.153371824767265,5.21742236468586,-0.35652814220217727,45
59,6052360,6052433,5.21884570172039,5.32417285296711,-0.35652814220217727,74
59,6052760,6052958,5.78818261578289,6.07142773577961,-0.8125699788565829,199
59,6053045,6053098,6.193835203673515,6.27069580218586,-1.0,54
59,6053100,6053129,6.27211913922039,6.31481933734211,-1.0,30
59,6053232,6053280,6.46000048687664,6.52974414202961,-1.0,49
59,6053339,6053456,6.612298094298515,6.78025244281086,0.13529278419399668,118
59,6053832,6053948,7.314006102111015,7.48053711077961,-0.4422033905987633,117
59,6053966,6054016,7.50473388531414,7.577324464295235,-1.0,51
59,6054331,6054429,8.02425390484539,8.165164796326485,-0.014485723086582712,99
59,6054512,6054565,8.28187890484539,8.358739503357736,-1.0,54
59,6054842,6054971,8.75158202984539,8.93661670062336,-0.12302934994118643,130
59,6055076,6055121,9.084644285704766,9.150117921326485,-1.0,46
59,6055234,6055293,9.309532469298516,9.394932862732736,-1.0,60
59,6055368,6055469,9.50026025250164,9.645441163513985,-0.4247066062468167,102
59,6055471,6055497,9.646864500548515,9.68529492327961,-0.4247066062468167,27
59,6056109,6056220,10.554957273986014,10.71437158343586,-0.607480741584608,112
59,6056866,6057032,11.632427488829766,11.870125733826486,0.10891535426970923,167
59,6057403,6057551,12.39676269390789,12.608840577576485,0.16220603825174776,149
59,6057924,6058115,13.13832421734539,13.41160595843586,0.5803228303185309,192
59,6058497,6058723,13.95389941265789,14.276998292420235,0.7578539493169159,227
59,6058943,6058988,14.588710203673514,14.65418408343586,-1.0,46
59,6059164,6059345,14.90326904156414,15.16231738421711,0.2868843596051982,182
59,6059373,6059416,15.20074755718914,15.263374757263986,-1.0,44
59,6059533,6059580,15.42848242047039,15.496802979920234,-1.0,48
59,6059670,6059712,15.62348046734539,15.68468408343586,-1.0,43
59,6059726,6059899,15.70318749859539,15.95084912249836,0.6548739004671963,174
59,6059972,6060050,16.053329832579767,16.16577392718586,-1.0,79
59,6060379,6060608,16.63263036968914,16.959999268982735,0.6929245143516892,230
59,6061033,6061194,17.563496336486015,17.794077882263984,0.20823620563542766,162
59,6061216,6061270,17.82396826031414,17.90225195452961,-1.0,55
59,6061553,6061735,18.303634520079765,18.564106202576486,0.4160119617689355,183
59,6061851,6061943,18.727790770079764,18.86016162249836,-1.0,93
59,6062116,6062353,19.10497656109539,19.443732179138983,0.3283607998511583,238
60,6121820,6121852,-19.692773683045235,-19.645803465392266,-1.0,33
60,6121855,6121880,-19.642956788513985,-19.60594970562664,-1.0,26
60,6121943,6122141,-19.51770263812336,-19.234457273986013,0.2652684022950358,199
60,6122268,6122348,-19.05511621234211,-18.939825438048516,-1.0,81
60,6122496,6122741,-18.730593995545235,-18.380451902892265,-0.21344936846356855,246
60,6123180,6123431,-17.757027589295234,-17.398345457579765,-0.17767950928525603,252
60,6123899,6124008,-16.733644288513986,-16.57707665875164,-0.12888021113954187,110
60,6124360,6124533,-16.07748339984211,-15.82982177593914,0.07158682856073573,174
60,6124725,6124791,-15.55796338031086,-15.462599363829765,-1.0,67
60,6124860,6125071,-15.36581201312336,-15.06406347515789,-0.0563824596475426,212
60,6125420,6125598,-14.56874023577961,-14.31396191265789,0.0,179
60,6125793,6125897,-14.037833253357736,-13.88838232281414,-1.0,105
60,6125984,6126021,-13.765974854920234,-13.711887938048514,-0.025386935635959257,38
60,6126023,6126138,-13.710464601013985,-13.545356688048516,-0.025386935635959257,116
60,6126622,6126855,-12.85788232562336,-12.524820066954765,0.014368796422010088,234
60,6127180,6127208,-12.063656983826485,-12.022380125548516,0.24845483240718633,29
60,6127211,6127390,-12.019533448670234,-11.763331785704764,0.24845483240718633,180
60,6127767,6127939,-11.228155030701485,-10.981916746642264,0.5813157938622353,173
60,6128331,6128388,-10.42538964984211,-10.34283593609539,-1.0,58
60,6128773,6128949,-9.796272218201485,-9.544340574767265,-0.207781495731702,177
60,6129203,6129390,-9.18423486468586,-8.91664648297039,-0.041056500519342363,188
60,6129714,6129930,-8.45690673968586,-8.14804150250164,-0.5747878963575831,217
60,6130097,6130139,-7.91176660296711,-7.850562742736015,-1.0,43
60,6130364,6130499,-7.531734132263985,-7.338159422423515,-0.0022257097615752575,136
60,6130698,6130755,-7.056337647888985,-6.97378369000164,-1.0,58
60,6130937,6131093,-6.71615869281086,-6.49269384625164,0.16767709293239433,157
60,6131376,6131431,-6.091311280701485,-6.011604246642265,-1.0,56
60,6131635,6131744,-5.72266552874836,-5.566097898986015,0.10413657691088149,110
60,6131746,6131814,-5.564674561951485,-5.46646386578289,0.10413657691088149,69
60,6132009,6132084,-5.19033545062336,-5.082161375548515,-1.0,76
60,6132229,6132378,-4.877199952576485,-4.66369872906414,0.8259912707153684,150
60,6132417,6132486,-4.609611573670235,-4.50997753765789,-1.0,70
60,6132787,6132940,-4.082974854920235,-3.863780027892265,0.4559198292945477,154
60,6132955,6133010,-3.843853272888985,-3.76414599468914,-1.0,56
60,6133022,6133107,-3.74848925921711,-3.626081785704765,-0.9862176831683365,86
60,6133128,6133145,-3.597614991638985,-3.571994871642265,-1.0,18
60,6133148,6133233,-3.569148194763985,-3.44674072125164,-1.0,86
60,6133345,6133562,-3.288749757263985,-2.97846093609539,0.2008610019290546,218
60,6133586,6133665,-2.94572412249836,-2.831856688048515,-1.0,80
60,6133873,6133961,-2.53722461077961,-2.410547117736015,-1.0,89
60,6134018,6134142,-2.330840089295235,-2.152922117736015,0.21738055421977862,125
60,6134384,6134442,-1.8098967299202349,-1.72591943218914,-1.0,59
60,6134612,6134817,-1.48537451312336,-1.19216601422039,0.18705089951596074,206
60,6134886,6134912,-1.095378663513985,-1.0569484849235151,-1.0,27
60,6134914,6134935,-1.05552490374836,-1.02421142437664,-1.0,22
60,6134957,6135017,-0.9943212904671099,-0.907497313048515,-1.0,61
60,6135322,6135494,-0.47480127093585994,-0.2285629868766401,0.07345891769956281,173
60,6135598,6135640,-0.08195874163898494,-0.020754881407890072,-1.0,43
60,6135933,6136055,0.3948610825797651,0.5699323744514849,0.17747536276824802,123
60,6136510,6136648,1.21612988140789,1.413974366638985,-0.21658665129826507,139
60,6136814,6136876,1.648825926329765,1.7384965834358599,-1.0,63
60,6137053,6137251,1.98900488140789,2.27225000140461,-0.05685388635705125,199
60,6137441,6137490,2.5412619614860152,2.6124289564827348,-1.0,50
60,6137551,6137658,2.69782958843914,2.851550538513985,0.007651993501561928,108
60,6137943,6138047,3.25577978375164,3.40523095843586,-1.0,105
60,6138105,6138121,3.48636132672039,3.51055810687336,-0.058049484026226277,17
60,6138124,6138250,3.51340478375164,3.69416943499836,-0.058049484026226277,127
60,6138519,6138577,4.075625242736015,4.15960254046711,-1.0,59
60,6138684,6138877,4.310476805236015,4.586605226013985,-0.21381734115239856,194
60,6139144,6139243,4.96521435406414,5.107548585388985,-1.0,100
60,6139274,6139424,5.15024902203289,5.365173585388985,-0.2234587125318492,151
60,6139822,6139944,5.93024072125164,6.105311768982735,-0.2614053316635833,123
60,6140308,6140434,6.62198535015789,6.802749757263985,-0.2854253068493199,127
60,6140897,6141034,7.46033398297039,7.65675537249836,-0.46884077730355134,138
60,6141421,6141437,8.20616552593914,8.230362550232735,-0.13536745017058846,17
60,6141439,6141505,8.231785887267264,8.327149659607734,-0.13536745017058846,67
60,6141823,6142032,8.778349363829765,9.077251222107735,-0.4176090450329991,210
60,6142256,6142321,9.39465673687664,9.488597413513984,-0.10372429181070347,66
60,6142323,6142360,9.490020750548515,9.544107667420235,-0.10372429181070347,38
60,6142409,6142554,9.61242822125164,9.820236085388984,-0.1337611327556369,146
60,6142636,6142742,9.93552685406414,10.08782470843586,0.5386271863002613,107
60,6142838,6143189,10.223042234923515,10.724058839295235,-0.23659008905683448,352
60,6143203,6143232,10.742562254454764,10.785262452576484,-1.0,30
60,6143234,6143257,10.786685789611015,10.82084619281086,-1.0,24
60,6143756,6143805,11.529670652892266,11.60083789202961,-1.0,50
60,6144003,6144063,11.88123632672039,11.968060304138985,-1.0,61
60,6146525,6146580,15.470906492736015,15.55061377093586,-1.0,56
60,6146599,6146790,15.57623388531414,15.84951562640461,0.8544514937316869,192
60,6146792,6147029,15.85093896343914,16.189694581482733,0.8544514937316869,238
60,6147529,6147582,16.899942625548515,16.976802979920237,-1.0,54
60,6147758,6147913,17.225887938048515,17.447929444763986,0.5069801096218244,156
60,6147939,6147975,17.483512938048516,17.53617675921711,-1.0,37
60,6147977,6147981,17.53760009625164,17.54471679827961,-1.0,5
60,6148039,6148115,17.625847410704765,17.735444581482735,-1.0,77
60,6148405,6148473,18.146790770079765,18.24500146624836,-1.0,69
60,6148768,6148863,18.663464109923517,18.80010498187336,0.7342833851366506,96
60,6149391,6149512,19.55020654156414,19.723854249451485,-1.0,122
61,6202486,6202619,-20.0,-19.809687254454765,-0.7061147665013822,134
61,6202636,6202756,-19.786913819763985,-19.61468945172039,-1.0,121
61,6203010,6203115,-19.254583741638985,-19.10370947125164,0.5508222746519894,106
61,6203117,6203135,-19.10228613421711,-19.075242430236013,0.5508222746519894,19
61,6203138,6203347,-19.072395753357736,-18.773493895079763,0.5508222746519894,210
61,6203692,6203692,-18.283864015076485,-18.282440672423515,-1.0,1
61,6203694,6203751,-18.281017335388984,-18.19846337750164,-1.0,58
61,6203776,6204142,-18.16430322406086,-17.64193652203289,0.7132956162567404,367
61,6204183,6204307,-17.585002686951483,-17.40708495953289,-1.0,125
61,6204553,6205048,-17.058365968201485,-16.352387938048516,-0.15927386983186467,496
61,6205405,6205425,-15.845677979920236,-15.815787840392264,0.2859446821314954,21
61,6205428,6205780,-15.812941163513985,-15.310501219298516,0.2859446821314954,353
61,6206044,6206096,-14.93616211077961,-14.860724852111016,-1.0,53
61,6206098,6206098,-14.859301515076485,-14.857878172423515,-1.0,1
61,6206132,6206195,-14.810907960388985,-14.71981396343914,-1.0,64
61,6206303,6206631,-14.567516358826484,-14.099236570861015,0.43414261849935876,329
61,6206655,6206688,-14.066499757263985,-14.018106199767265,-1.0,34
61,6206690,6206696,-14.016682862732734,-14.006719481017265,-1.0,7
61,6206813,6206859,-13.841611573670235,-13.774714598204765,-1.0,47
61,6207182,6207275,-13.316398194763986,-13.18260400250164,0.47834676384281444,94
61,6207278,6207405,-13.17975732562336,-12.99756933453289,0.47834676384281444,128
61,6207851,6207872,-12.364181886170234,-12.332868406798514,0.0,22
61,6207874,6208174,-12.331445069763985,-11.90301904156414,0.0,301
61,6208717,6209050,-11.131567140076484,-10.656170652892264,-0.7136194358471717,334
61,6209053,6209057,-10.653323976013985,-10.646207273986015,-0.7136194358471717,5
61,6209286,6209340,-10.321685304138985,-10.24340136578289,-1.0,55
61,6209512,6209642,-10.00000976702961,-9.813552000548516,0.15806182989409617,131
61,6209644,6209720,-9.812128663513985,-9.70253124859539,0.15806182989409617,77
61,6209759,6209812,-9.648444093201485,-9.571583738829766,-1.0,54
61,6210108,6210299,-9.151697511170235,-8.878415770079766,-0.28295016836281556,192
61,6210537,6210789,-8.54108349749836,-8.180977781798514,-0.005250661117165063,253
61,6210874,6210965,-8.06141699359211,-7.930469481017265,-1.0,92
61,6211280,6211422,-7.48354004046711,-7.28000195172039,0.30168552467049886,143
61,6211424,6211431,-7.27857861468586,-7.26719189312664,0.30168552467049886,8
61,6211857,6212085,-6.662271241638985,-6.336325926329765,0.24311207901208037,229
61,6212378,6212419,-5.920709718201485,-5.860929441954765,-1.0,42
61,6212494,6212606,-5.75560205218586,-5.594764402892265,-0.7632409838472567,113
61,6212608,6212797,-5.59334082171711,-5.32290576031414,-0.7632409838472567,190
61,6213017,6213189,-5.01119384906086,-4.76495556500164,0.01590928686958299,173
61,6213192,6213266,-4.76210888812336,-4.655358152892265,0.01590928686958299,75
61,6213452,6213510,-4.392039796326485,-4.30806249859539,-1.0,59
61,6213631,6213833,-4.137261476013985,-3.84832275250164,0.020768114406464276,203
61,6214261,6214453,-3.240555421326485,-2.965850340392265,-0.20059462810806883,193
61,6214934,6214975,-2.28264599749836,-2.2228654771110152,0.7380269978886879,42
61,6214977,6215176,-2.2214421400764848,-1.936773680236015,0.7380269978886879,200
61,6215619,6215948,-1.30765625140461,-0.83795312359539,-0.14728874225137165,330
61,6216287,6216481,-0.3568632826546099,-0.07931152203289006,0.12490090242087308,195
61,6216911,6217056,0.531302488829765,0.739110597107735,0.4503142579037298,146
61,6217272,6217324,1.045129148986015,1.12056640765461,-1.0,53
61,6217346,6217385,1.1504565415641401,1.20739013812336,-1.0,40
61,6217466,6217586,1.321257566954765,1.493482179138985,-0.08463875014238273,121
61,6218023,6218240,2.11405956890789,2.42434814593586,-1.0,218
61,6218510,6218693,2.807227293517265,3.06912255999836,0.06411413636610333,184
61,6218716,6218785,3.10043603375164,3.200070069763985,-1.0,70
61,6219013,6219126,3.523168699767265,3.685429933045235,-0.494729372415599,114
61,6219128,6219191,3.686853270079765,3.777947022888985,-0.494729372415599,64
61,6219215,6219270,3.81068408062664,3.89039111468586,-1.0,56
61,6219552,6219711,4.290350340392265,4.518085206482735,-0.8324563233875758,160
61,6219713,6219753,4.519508543517265,4.57786572406086,-0.8324563233875758,41
61,6220058,6220254,5.010561766173515,5.290960206482735,-0.6856253075859576,197
61,6220408,6220460,5.508731688048515,5.58416894671711,-1.0,53
61,6220533,6220731,5.686649656798515,5.969894776795235,-0.9033419438799916,199
61,6220748,6220797,5.992668211486015,6.06383545062336,-1.0,50
61,6221080,6221143,6.465218016173515,6.55631201312336,-1.0,64
61,6221159,6221305,6.57766210797039,6.78689355609211,-0.46255853200894903,147
61,6221647,6221805,7.27225341656414,7.498564698670235,-0.18163543730713655,159
61,6222144,6222355,7.9796545396110155,8.28140332171711,-1.0,212
61,6222503,6222555,8.490634520079764,8.56607177874836,-1.0,53
61,6222686,6222877,8.751106199767266,9.02438818499836,-0.7023849584764076,192
61,6222938,6223245,9.10978857281414,9.54817822406086,-0.6093751803569109,308
61,6223317,6223463,9.649235594298515,9.85846679827961,-0.3189551967747589,147
61,6223694,6223844,10.185835691954765,10.400760499451485,0.08287806489426534,151
61,6223920,6224065,10.50751122906414,10.715319093201485,-1.0,146
61,6224137,6224336,10.81637646343914,11.10104492327961,-0.8280221999044065,200
61,6224578,6224632,11.444070555236015,11.52235449359211,-1.0,55
61,6224809,6224902,11.77286279156414,11.906656983826485,-0.6470300455581642,94
61,6224924,6225061,11.936547117736016,12.132968507263985,-0.7439112549560633,138
61,6225063,6225091,12.134391844298515,12.175668702576486,-0.7439112549560633,29
61,6225263,6225309,12.419060301329765,12.48595752093586,-1.0,47
61,6225832,6225889,13.22894238140789,13.31149609515461,-1.0,58
61,6226074,6226126,13.57339111187664,13.648828370545235,-1.0,53
61,6226293,6226350,13.885103270079766,13.96765722796711,-1.0,58
61,6226524,6226640,14.21389550640789,14.380426515076485,-1.0,117
61,6226853,6226899,14.682175047423515,14.74907226702961,-1.0,47
61,6227044,6227100,14.95403369000164,15.03516406390461,-1.0,57
61,6227140,6227214,15.090674559142265,15.19742529437336,-1.0,75
61,6227627,6227670,15.78384228375164,15.846469483826485,-1.0,44
61,6227758,6227812,15.97030029156414,16.04858398577961,-1.0,55
61,6228968,6229018,17.69254492047039,17.76513525531086,-1.0,51
61,6229100,6229141,17.880426023986015,17.94020654437336,-1.0,42
61,6229532,6229582,18.49531005718914,18.567900636170236,-1.0,51
61,6229631,6229703,18.636220945861016,18.74012500140461,0.5847718281314163,73
61,6229706,6230393,18.74297167828289,19.72223144671711,0.5847718281314163,688
62,6288905,6288977,-19.999566651795234,-19.89566259625164,0.9071666817934319,73
62,6289383,6289471,-19.319208741638985,-19.19253124859539,0.4391808015342466,89
62,6289473,6289537,-19.19110791156086,-19.098590574767265,0.4391808015342466,65
62,6289910,6290246,-18.569107179138985,-18.089440672423514,0.02405340732731192,337
62,6290303,6290353,-18.00973339984211,-17.93714306500164,-1.0,51
62,6290486,6290657,-17.74926172015461,-17.50444677593914,0.027159725378926466,172
62,6290693,6290764,-17.45462988421711,-17.352149168517265,-1.0,72
62,6291003,6291195,-17.01339355609211,-16.73868847515789,-0.3458281337465642,193
62,6291310,6291361,-16.576427491638984,-16.50241357281414,-1.0,52
62,6291569,6291758,-16.20778173968586,-15.93734667828289,0.348508286373035,190
62,6292087,6292087,-15.47049023577961,-15.46906689312664,0.20810694134619465,1
62,6292089,6292288,-15.46764355609211,-15.18297509625164,0.20810694134619465,200
62,6292660,6292688,-14.654914796326485,-14.613637938048514,0.07010056200839433,29
62,6292691,6292815,-14.610791261170235,-14.43287353375164,0.07010056200839433,125
62,6293167,6293275,-13.93328027484211,-13.77813574078289,0.029088108250243227,109
62,6293278,6293310,-13.77528906390461,-13.72831884625164,0.029088108250243227,33
62,6293608,6293749,-13.30558593890461,-13.103471434142264,0.38539329730741945,142
62,6293812,6293873,-13.01522412249836,-12.926976805236015,-0.9832764521574007,62
62,6293945,6294024,-12.825919679138986,-12.71205224468914,-1.0,80
62,6294150,6294303,-12.53413427874836,-12.31493945172039,0.12346990327941414,154
62,6294323,6294410,-12.28789599749836,-12.162641844298514,-1.0,88
62,6294628,6294753,-11.853776612732736,-11.674435301329765,-0.17450396586935887,126
62,6294795,6294884,-11.616078370545235,-11.48797753765789,-1.0,90
62,6295138,6295295,-11.127871827576485,-10.902983641173515,0.43901554785914154,158
62,6295631,6295782,-10.426163819763985,-10.209815672423515,0.3164169105179839,152
62,6295853,6295908,-10.110181886170235,-10.03047460797039,-1.0,56
62,6295948,6295995,-9.97496435687336,-9.906643797423515,-1.0,48
62,6296148,6296315,-9.690295655701485,-9.451174070861015,-0.07854379095566053,168
62,6296547,6296608,-9.122382081482735,-9.03413476422039,-1.0,62
62,6296691,6296822,-8.917420655701484,-8.729539305236015,-0.061605759175872035,132
62,6296824,6296975,-8.728115968201484,-8.51176806500164,-0.061605759175872035,152
62,6297001,6297126,-8.476184327576485,-8.29684326031414,-1.0,126
62,6297258,6297427,-8.11038525531086,-7.868417234923515,0.14666394136499536,170
62,6297429,6297445,-7.86699365374836,-7.84279687359539,0.14666394136499536,17
62,6297769,6297941,-7.383057374451485,-7.136819090392265,0.30013722540707144,173
62,6298712,6298929,-6.04084521624836,-5.730556395079765,0.3042643320821992,218
62,6299283,6299444,-5.228116456482735,-4.997534910704765,0.22098746273319492,162
62,6299868,6300200,-4.39546093890461,-3.921488035704765,0.0,333
62,6300218,6300369,-3.89729101702961,-3.6809431138297652,-0.16123381121748984,152
62,6301002,6301164,-2.781390382263985,-2.54938574078289,-0.41310735527774384,163
62,6301616,6301760,-1.90745800921711,-1.701073484923515,0.19347820673630614,145
62,6302021,6302066,-1.33100439593586,-1.265530516173515,-1.0,46
62,6302265,6302426,-0.983708741638985,-0.7531271958610151,0.14119785638690135,162
62,6302486,6302554,-0.6691499037483599,-0.5709394517203901,-1.0,69
62,6302682,6302879,-0.3901748060921099,-0.10835302593914006,-0.6967597640923161,198
62,6302898,6302952,-0.08273291156085993,-0.004448973204765072,-1.0,55
62,6302954,6302969,-0.003025636170234928,0.01974780413898493,-1.0,16
62,6303134,6303217,0.2531760239860151,0.37273681781085993,-1.0,84
62,6303263,6303362,0.4367873521110151,0.57912158343586,-0.6329022046512207,100
62,6303364,6303418,0.5805449204703901,0.65882861468586,-0.6329022046512207,55
62,6303440,6303485,0.688718992736015,0.7541926283577349,-1.0,46
62,6303724,6303863,1.09294824078289,1.29221630999836,-0.22474375785684006,140
62,6304113,6304169,1.64662841656414,1.727759034607735,-1.0,57
62,6304266,6304421,1.86439990093914,2.08644140765461,-0.15232314931359578,156
62,6304883,6305002,2.742602293517265,2.913403565857735,0.0355459184017693,120
62,6305459,6305548,3.56244775250164,3.690548585388985,-0.019231478034241183,90
62,6306048,6306134,4.400796629454765,4.52462744281086,-0.45538071584591416,87
62,6306598,6306706,5.183635008361015,5.33877929827961,0.079970468990588,109
62,6307007,6307125,5.76578222515789,5.935159913513985,-0.18177305411754088,119
62,6307324,6307374,6.216981688048515,6.28957226702961,-0.6621911470797213,51
62,6307485,6307542,6.446139891173515,6.52869384906086,-1.0,58
62,6307580,6307694,6.58135742047039,6.7450419935921095,-0.009316487718243487,115
62,6307720,6307790,6.78062548687664,6.881682862732735,-1.0,71
62,6307887,6307897,7.01832372906414,7.03398047015461,-1.0,11
62,6307899,6307928,7.03540380718914,7.07810400531086,-1.0,30
62,6308074,6308122,7.28448876812664,7.354232667420235,0.015607948150443317,49
62,6308125,6308199,7.357079344298515,7.463829835388985,0.015607948150443317,75
62,6308261,6308396,7.55065380718914,7.74422851702961,-1.0,136
62,6308441,6308531,7.80685546734539,7.936379640076485,-1.0,91
62,6308566,6308759,7.98477343609539,8.26090185687336,-0.5225561960025592,194
62,6309141,6309285,8.80319531109539,9.00958007952961,0.06028518119649096,145
62,6309384,6309489,9.149067625548515,9.29994189593586,-0.3593014421624281,106
62,6309503,6309650,9.31844531109539,9.52910009906086,-0.18014099327605446,148
62,6309725,6309843,9.634427488829765,9.80380517718586,0.09726535508445791,119
62,6309897,6309972,9.879242430236015,9.98741650531086,0.13979153082275805,76
62,6309975,6310343,9.99026318218914,10.51547656390461,0.13979153082275805,369
62,6310385,6310430,10.573833738829766,10.639307374451485,-1.0,46
62,6310522,6310606,10.76883154156414,10.889815675232734,0.9305366205703615,85
62,6310623,6310697,10.912589109923514,11.01933984515461,0.019568832637419372,75
62,6311153,6311226,11.666960691954765,11.77228808734211,-1.0,74
62,6311405,6311712,12.02564306500164,12.46403271624836,0.7851521927875337,308
62,6311715,6311784,12.46687939312664,12.566513429138984,0.7851521927875337,70
62,6312239,6312255,13.21271093609539,13.23690771624836,-1.0,17
62,6312257,6312301,13.23833105328289,13.302381593201485,-1.0,45
62,6312417,6312476,13.46606591656414,13.551466554138985,-0.9597276382858776,60
62,6312540,6312614,13.641136961486016,13.74788769671711,-0.9533840691216119,75
62,6312891,6312933,14.140730223204764,14.20193408343586,-1.0,43
62,6313040,6313088,14.352808348204764,14.42255224749836,-1.0,49
62,6314139,6314186,15.91706201031414,15.98538232562336,-1.0,48
62,6314401,6314523,16.289977781798516,16.46504882952961,-1.0,123
62,6314597,6314650,16.568952879454766,16.64581347796711,-1.0,54
62,6314922,6314974,17.031539305236016,17.106976319763984,-1.0,53
62,6315331,6315378,17.613686277892263,17.68200683734211,-0.9386721525219264,48
62,6315679,6315735,18.10900976422039,18.19014013812336,-1.0,57
62,6316062,6316137,18.65414990093914,18.762323976013985,-1.0,76
62,6316417,6316462,19.15943652203289,19.224910401795235,-1.0,46
62,6316464,6316483,19.226333738829766,19.254800538513987,-1.0,20
62,6316840,6317007,19.761510496642266,20.0,0.7338128552783826,168
63,6365859,6366124,-19.966656007263985,-19.58804687359539,-0.44259857359003385,266
63,6366152,6366269,-19.54961670062336,-19.38166210797039,-1.0,118
63,6366598,6366807,-18.914805909607736,-18.61590380718914,0.5775331902300929,210
63,6367218,6367396,-18.032333253357734,-17.777554930236015,-0.2305056078960466,179
63,6367790,6367996,-17.218181397888983,-16.923549559142266,0.38356418043496837,207
63,6368429,6368561,-16.30866552874836,-16.11936083843914,-1.0,133
63,6368563,6368693,-16.11793750140461,-15.93147949078289,-1.0,131
63,6368695,6368724,-15.93005615374836,-15.88735595562664,-1.0,30
63,6369012,6369293,-15.478856690857736,-15.07747411968914,0.13278415184921535,282
63,6369686,6369872,-14.519523683045234,-14.253358641173515,-0.7281900806086339,187
63,6370165,6370211,-13.83774267718586,-13.770845457579766,-1.0,47
63,6370338,6370522,-13.59150439593586,-13.328185789611014,-0.38960439214091447,185
63,6370921,6371091,-12.761695558045234,-12.518303953673515,-0.5054301958761901,171
63,6371093,6371160,-12.516880616638986,-12.42009326031414,-0.5054301958761901,68
63,6371738,6371888,-11.598824464295236,-11.38389990093914,0.2977866194142143,151
63,6371890,6371978,-11.38247656390461,-11.255799070861014,0.2977866194142143,89
63,6372467,6372472,-10.561207765076485,-10.552667723204765,-0.5547278823891975,6
63,6372474,6372693,-10.551244386170236,-10.23810888531414,-0.5547278823891975,220
63,6373230,6373399,-9.47519726702961,-9.23322900250164,-0.5133293006174207,170
63,6373785,6374006,-8.68524218890461,-8.369260008361016,0.703428106418223,222
63,6374599,6374652,-7.526641358826485,-7.44978076031414,-1.0,54
63,6374654,6374784,-7.44835742327961,-7.26189941265789,-1.0,131
63,6374835,6374897,-7.19073242327961,-7.101061766173515,-1.0,63
63,6375028,6375074,-6.91602734515461,-6.849130125548515,-1.0,47
63,6375088,6375296,-6.830626710388985,-6.533148191954765,0.7466793559299946,209
63,6375681,6375723,-5.98658447406086,-5.92538085797039,-1.0,43
63,6375771,6375813,-5.858483643982735,-5.797280027892265,-1.0,43
63,6375831,6375884,-5.77308300921711,-5.69622265484539,-1.0,54
63,6375961,6376161,-5.588048585388985,-5.301956785704765,0.0,201
63,6376524,6376726,-4.78670654437336,-4.49776806500164,-0.5038837484498438,203
63,6377282,6377425,-3.70781298968586,-3.50285156109539,0.8352404067252425,144
63,6377783,6377823,-2.9947182631233598,-2.936361082579765,-1.0,41
63,6377840,6378051,-2.913587647888985,-2.611839109923515,0.12904954619396786,212
63,6378461,6378776,-2.02969189593586,-1.57991552593914,0.9367746463347307,316
63,6379242,6379460,-0.918061280701485,-0.606349363829765,0.9233285806018153,219
63,6379981,6380030,0.13378881695476508,0.20495605609210993,-1.0,50
63,6380032,6380038,0.20637939312664008,0.21634277484210993,-1.0,7
63,6380050,6380097,0.23199951031414007,0.3003200697639849,-1.0,48
63,6380209,6380269,0.45831103375164006,0.545135011170235,-1.0,61
63,6380294,6380474,0.579295164611015,0.836920167420235,-0.5259147835385538,181
63,6381014,6381122,1.604101805236015,1.7592463392952349,-0.7100652880317939,109
63,6381489,6381618,2.280189695861015,2.46522412249836,-0.9358514636937549,130
63,6382102,6382205,3.15269872906414,3.300726319763985,-1.0,104
63,6382296,6382336,3.42882714703289,3.48718408343586,-1.0,41
63,6382651,6382795,3.93411376812664,4.14049853656086,-0.8928983960289166,145
63,6382860,6382906,4.231592527892265,4.298489503357735,-1.0,47
63,6383188,6383300,4.69844872906414,4.85928662249836,-1.0,113
63,6383643,6383784,5.34606982281414,5.548184327576485,-1.0,142
63,6383989,6384050,5.83854638531414,5.92679345843586,-1.0,62
63,6384250,6384344,6.210038816954765,6.34525634906086,-1.0,95
63,6384445,6384497,6.487590574767265,6.563027589295235,-1.0,53
63,6384792,6384924,6.981490477111015,7.17079492327961,-1.0,133
63,6385168,6385217,7.516667234923515,7.58783447406086,-1.0,50
63,6385280,6385369,7.67608154156414,7.804182374451485,-0.8189242082877564,90
63,6385371,6385436,7.805605711486015,7.89954638812336,-0.8189242082877564,66
63,6385837,6386075,8.468883543517265,8.80906250140461,-1.0,239
63,6386277,6386442,9.09515429547039,9.33142920062336,-1.0,166
63,6386484,6386525,9.38978613140789,9.449566651795235,-1.0,42
63,6386539,6386560,9.468070066954764,9.499383546326484,-1.0,22
63,6386562,6386691,9.500806883361015,9.685841554138985,-1.0,130
63,6386711,6386875,9.712885008361015,9.947736573670236,-0.07436278001203861,165
63,6386910,6386974,9.996130125548515,10.08864746234211,-1.0,65
63,6386998,6387137,10.12138427593914,10.32065234515461,0.9675583329130493,140
63,6387219,6387425,10.435943113829765,10.730574952576484,-0.2945288375794763,207
63,6387484,6387540,10.81312890484539,10.89425927874836,-1.0,57
63,6387607,6387681,10.988199949767266,11.09495068499836,-1.0,75
63,6387762,6387974,11.208818113829764,11.511989991638986,1.0,213
63,6387976,6388095,11.513413328673515,11.684214601013984,1.0,120
63,6389625,6389672,13.86050536968914,13.928825929138984,-1.0,48
63,6389865,6389922,14.202107664611015,14.28466162249836,-1.0,58
63,6390417,6390481,14.987792723204764,15.08031005999836,-1.0,65
63,6390526,6390578,15.142937254454765,15.218374268982735,-1.0,53
63,6390699,6390746,15.389175535704766,15.457495851013984,-1.0,48
63,6391501,6391568,16.53069628765789,16.627483643982735,-1.0,68
63,6392825,6392870,18.415201902892264,18.48067578265461,-1.0,46
63,6392894,6393200,18.51341259625164,18.95037890765461,1.0,307
63,6393202,6393657,18.95180224468914,19.600846436951485,1.0,456
63,6393659,6393819,19.602269773986016,19.831427979920235,1.0,161
64,6446785,6447041,-19.74022851702961,-19.374429441954764,-0.44083732002223236,257
64,6447417,6447586,-18.840676026795236,-18.598707762267264,-0.1145754106430402,170
64,6447938,6448066,-18.099114503357736,-17.915503172423517,-0.3894602162579744,129
64,6448386,6448582,-17.461456788513985,-17.181058348204765,0.10085188134074477,197
64,6448891,6449093,-16.74266894671711,-16.453730223204765,0.13206535923759927,203
64,6449370,6449373,-16.06088769671711,-16.05519433453289,0.047247672036113554,4
64,6449375,6449485,-16.05377099749836,-15.895780027892265,0.047247672036113554,111
64,6449663,6449704,-15.643848390076485,-15.58406786968914,-1.0,42
64,6449797,6449838,-15.453120362732735,-15.393340086486015,-1.0,42
64,6449869,6450017,-15.35063964984211,-15.138561766173515,-0.45447637867163976,149
64,6450049,6450114,-15.09443798968586,-15.00049755718914,-1.0,66
64,6450280,6450515,-14.76564599749836,-14.429737059142266,-0.7867799838597591,236
64,6450869,6450991,-13.927297120545235,-13.75222607281414,0.10146897007300981,123
64,6451281,6451462,-13.34087988421711,-13.08183154156414,-0.2481193002871587,182
64,6451778,6451947,-12.63347851702961,-12.391510496642265,-0.40193234011003154,170
64,6452296,6452499,-11.896187257263986,-11.60582519390789,-0.1852989105747154,204
64,6452801,6452933,-11.177399171326485,-10.988094481017265,-0.09542110566527268,133
64,6453257,6453430,-10.528354737732736,-10.280693113829765,0.12116778182768169,174
64,6453739,6453794,-9.84230371234211,-9.762596434142266,-1.0,56
64,6453931,6454060,-9.56902197406086,-9.38398730328289,0.0,130
64,6454062,6454123,-9.38256396624836,-9.294316648986015,0.0,62
64,6454431,6454692,-8.85735058734211,-8.484434813048516,0.1858807052788058,262
64,6454863,6454916,-8.242466554138986,-8.16560595562664,-1.0,54
64,6454981,6455256,-8.07451220843586,-7.68166943218914,0.305045387330243,276
64,6455544,6455642,-7.273170167420235,-7.13225927593914,-1.0,99
64,6455716,6455980,-7.028355226013985,-6.65116943218914,0.2031268440553875,265
64,6456581,6456635,-5.797163819763985,-5.718880125548515,-1.0,55
64,6456688,6456980,-5.64486621234211,-5.227826902892265,0.4704889873458701,293
64,6457006,6457059,-5.19224316546711,-5.11538281109539,-1.0,54
64,6457497,6457833,-4.493382081482735,-4.013715574767265,-0.26494050545427733,337
64,6458010,6458094,-3.763207276795235,-3.64222314312664,-1.0,85
64,6458241,6458422,-3.43441504046711,-3.17536669781414,0.4639651366914245,182
64,6458987,6459016,-2.37260156390461,-2.329901121642265,-0.10633205082754002,30
64,6459018,6459132,-2.328477784607735,-2.16479345562664,-0.10633205082754002,115
64,6459545,6459780,-1.5783762221077349,-1.24246728375164,0.7335636955151892,236
64,6460113,6460153,-0.769917726013985,-0.71156054547039,-1.0,41
64,6460235,6460385,-0.596269776795235,-0.3813449692985151,0.11544699032015572,151
64,6460388,6460405,-0.3784982924202349,-0.3528781724235151,0.11544699032015572,18
64,6460718,6460762,0.09120458843914006,0.15525512835773492,-1.0,45
64,6460861,6461086,0.2947426743766401,0.616418214295235,-0.7588163888293245,226
64,6461236,6461293,0.82849609234539,0.911050050232735,-1.0,58
64,6461382,6461514,1.03630419781414,1.22560888812336,-0.8495321450793302,133
64,6461540,6461582,1.26119238140789,1.32239599749836,-1.0,43
64,6461796,6461840,1.625568113829765,1.689618409607735,-1.0,45
64,6461887,6462051,1.75509228375164,1.98994384906086,-0.21538175559616593,165
64,6462432,6462687,2.5308139634391402,2.895189698670235,-1.0,256
64,6462988,6463104,3.322192625548515,3.48872363421711,-0.5918343503469647,117
64,6463280,6463334,3.73780859234539,3.816092530701485,-1.0,55
64,6463482,6463663,4.02532372906414,4.28437207171711,-1.0,182
64,6463899,6463956,4.618857664611015,4.70141162249836,-1.0,58
64,6463977,6464106,4.72987841656414,4.914912843201485,-0.3795435947429641,130
64,6464519,6464648,5.50133007672039,5.68636474749836,-0.7547269838552264,130
64,6464988,6465207,6.16887792828289,6.48201318499836,-0.6817767845930248,220
64,6465360,6465405,6.69836132672039,6.76383496234211,-1.0,46
64,6465437,6465489,6.807958738829765,6.883395753357735,-1.0,53
64,6465555,6465682,6.97591308453289,7.15810107562336,-0.5034564249477192,128
64,6465933,6465980,7.51393652203289,7.582257081482735,-1.0,48
64,6466013,6466130,7.627803953673515,7.795758546326485,-0.20533913103766824,118
64,6466577,6466742,8.43056933453289,8.66684423968586,-0.2923087425215247,166
64,6467078,6467192,9.14366406109539,9.307348390076484,-1.0,115
64,6467210,6467547,9.331545164611015,9.812635011170235,0.12061968790878701,338
64,6467672,6467799,9.98912939312664,10.17131738421711,-0.01923027961330036,128
64,6467849,6467909,10.24106103375164,10.327885011170235,-0.2164204935782049,61
64,6468173,6468466,10.70222411968914,11.12068701312336,0.0734913260901038,294
64,6468701,6469646,11.45374902203289,12.800231202576486,1.0,946
64,6469778,6469841,12.986689207579765,13.077782960388985,-1.0,64
64,6470451,6470501,13.94459863140789,14.017189210388985,-1.0,51
64,6471018,6471066,14.751634031798515,14.821377686951484,-1.0,49
64,6472389,6472444,16.703036863829766,16.782743897888984,-1.0,56
64,6472630,6472691,17.046062254454764,17.13430957171711,-1.0,62
64,6473233,6473264,17.90433788922039,17.949885011170235,-1.0,32
64,6473266,6473275,17.951308348204766,17.965541749451486,-1.0,10
64,6473591,6473642,18.413894773986016,18.487908448670236,-1.0,52
64,6474142,6474182,19.198156492736015,19.256513429138984,-1.0,41
64,6474515,6474565,19.729063231017264,19.80165380999836,-1.0,51
64,6474629,6474704,19.89132421734539,19.999498292420235,0.06460704479689491,76
65,6567061,6567201,-19.78926757952961,-19.58857617047039,-0.35820692883926736,141
65,6567535,6567556,-19.114603272888985,-19.08328954937664,0.23349367780805208,22
65,6567558,6567715,-19.08186621234211,-18.85697802593914,0.23349367780805208,158
65,6567906,6567948,-18.58654297015461,-18.52533935406414,-0.9134722360598727,43
65,6568032,6568143,-18.407201905701484,-18.24778759625164,0.19492015012972566,112
65,6568145,6568212,-18.246364015076484,-18.149576902892264,0.19492015012972566,68
65,6568721,6568737,-17.426518800232735,-17.402322020079765,-0.10014845790436196,17
65,6568739,6568919,-17.400898683045234,-17.143273680236014,-0.10014845790436196,181
65,6569168,6569209,-16.79028466937336,-16.730504148986014,-1.0,42
65,6569260,6569306,-16.659337159607734,-16.59243994000164,-1.0,47
65,6569374,6569599,-16.497075929138983,-16.175400633361015,0.12048404674306766,226
65,6570173,6570279,-15.359825196717109,-15.207527586486014,0.21222726419330504,107
65,6570281,6570372,-15.206104249451485,-15.07515673687664,0.21222726419330504,92
65,6570907,6570967,-14.31509179827961,-14.228267820861015,-1.0,61
65,6571005,6571082,-14.175604249451485,-14.06458349468914,-1.0,78
65,6571487,6571537,-13.489552979920235,-13.41696240093914,-1.0,51
65,6571556,6571602,-13.39134228656086,-13.32444531109539,-1.0,47
65,6571709,6571920,-13.17357080218586,-12.87182226422039,0.42851834778574993,212
65,6572304,6572508,-12.32668213031086,-12.034896727111015,0.09569298558057356,205
65,6572786,6572841,-11.64063086077961,-11.560923582579765,-1.0,56
65,6572923,6573045,-11.445633058045235,-11.270561766173515,-0.11983885766173576,123
65,6573627,6573774,-10.44359961077961,-10.232945066954764,-0.04806012080545303,148
65,6573803,6573857,-10.19309130999836,-10.11480761578289,-1.0,55
65,6574253,6574439,-9.552587159607736,-9.286422117736015,0.38839867120754307,187
65,6574936,6575048,-8.580444093201486,-8.41960644390789,-0.019924198863812963,113
65,6575116,6575168,-8.324242433045235,-8.248805418517264,-0.9031873060203824,53
65,6575517,6575657,-7.753482179138985,-7.552790770079765,-0.440851551797796,141
65,6576078,6576220,-6.95498681781086,-6.751448973204765,-0.3345798487738466,143
65,6576535,6576718,-6.304519288513985,-6.042624266173515,0.37713969879435766,184
65,6577134,6577278,-5.45193701312336,-5.24555224468914,0.02864659783612247,145
65,6577781,6577831,-4.531034425232735,-4.45844384625164,-1.0,51
65,6578017,6578140,-4.19512548968586,-4.01863085797039,0.0,124
65,6578490,6578537,-3.52188427874836,-3.45356396343914,-1.0,48
65,6578643,6578816,-3.304113038513985,-3.056451414611015,0.13995027376791547,174
65,6578932,6579044,-2.892766847107735,-2.7319291978141402,-1.0,113
65,6579271,6579418,-2.410253663513985,-2.19959911968914,0.05023643758863428,148
65,6579446,6579549,-2.161168702576485,-2.01314111187664,-1.0,104
65,6579597,6579631,-1.94624414202961,-1.896427000548515,-1.0,35
65,6579633,6579647,-1.895003663513985,-1.873653563048515,-1.0,15
65,6579741,6579871,-1.74128271624836,-1.554824949767265,0.013243461667695874,131
65,6580048,6580189,-1.304316651795235,-1.102201902892265,-1.0,142
65,6580221,6580392,-1.058078370545235,-0.813263426329765,0.08537036220059041,172
65,6580614,6580670,-0.4987045912483599,-0.4175739732047651,-1.0,57
65,6580861,6581013,-0.1471389174202349,0.07063256976398494,0.08410545153915756,153
65,6581411,6581568,0.635699461486015,0.860587647888985,-0.17867208610156962,158
65,6581873,6581950,1.29328369000164,1.404304444763985,-1.0,78
65,6582014,6582156,1.49397509625164,1.69751318499836,-0.24816744944801694,143
65,6582325,6582373,1.93663476422039,2.00637841937336,-1.0,49
65,6582375,6582379,2.00780175640789,2.01491845843586,-1.0,5
65,6582612,6582722,2.345134031798515,2.50312500140461,0.15344365299618332,111
65,6582751,6582841,2.542978758361015,2.67250293109211,-1.0,91
65,6583019,6583059,2.92443456890789,2.98279150531086,-1.0,41
65,6583196,6583320,3.17636620953289,3.354283936951485,-0.1689715363572171,125
65,6583686,6584002,3.873803953673515,4.325003663513985,-0.9306104260639435,317
65,6584253,6584363,4.68083935406414,4.838830323670235,-0.11565147193039997,111
65,6584748,6584759,5.38539404156414,5.40247412249836,-0.7130308943009993,12
65,6584761,6584856,5.40389745953289,5.540538331482735,-0.7130308943009993,96
65,6584946,6585012,5.66721581890789,5.762579835388985,-1.0,67
65,6585133,6585299,5.93338085797039,6.17107910296711,-0.6235644471653243,167
65,6585557,6585744,6.536878172423515,6.804466554138985,-0.7386069509003692,188
65,6586085,6586187,7.288403074767265,7.43500732562336,-0.27823831519422765,103
65,6586315,6586366,7.61577197125164,7.68978564593586,-1.0,52
65,6586578,6586681,7.990111082579765,8.13813867327961,-0.09187385548964119,104
65,6587200,6587313,8.87543017437664,9.037691163513985,-0.16172768215725256,114
65,6587683,6587726,9.562904539611015,9.62553173968586,-1.0,44
65,6587904,6588052,9.87746337750164,10.08954150531086,-0.7879655243172576,149
65,6588503,6588623,10.730045652892265,10.90227002093586,0.014095914480899738,121
65,6588840,6588882,11.209712156798515,11.270915772888985,-0.7868130042898251,43
65,6589017,6589137,11.461643797423514,11.63386816546711,-0.07782183089226424,121
65,6589462,6589622,12.09503124859539,12.32418945452961,-0.09173259283462057,161
65,6589998,6590090,12.85794286968914,12.990313722107736,-0.3975566255117235,93
65,6590092,6590158,12.991737059142265,13.08710107562336,-0.3975566255117235,67
65,6590607,6590740,13.724758543517265,13.915486573670234,0.1889157481306246,134
65,6591036,6591080,14.33537255718914,14.39942285296711,-1.0,45
65,6591157,6591276,14.507596922423515,14.678398194763984,-0.16025297687082526,120
65,6591278,6591331,14.679821531798515,14.756681886170234,-0.16025297687082526,54
65,6591716,6591874,15.30324560406414,15.52955713031086,-0.24418012548658574,159
65,6591876,6591932,15.53098046734539,15.61211084124836,-0.24418012548658574,57
65,6592457,6592629,16.35794238140789,16.60418066546711,-0.13164423371339135,173
65,6593080,6593257,17.244684813048515,17.498039796326484,-0.3092549242928959,178
65,6593666,6593751,18.07876367047039,18.201171143982734,-0.5856681558092305,86
65,6593754,6593874,18.204017820861015,18.376242433045235,-0.5856681558092305,121
65,6594314,6594483,19.00108984234539,19.24305810687336,0.10191196753670885,170
65,6594801,6595015,19.694257566954764,20.0,-0.22033651029670281,215
66,6664851,6664852,-19.739589601013986,-19.736742918517265,0.15643473865455992,2
66,6664854,6664928,-19.735319581482734,-19.62856884625164,0.15643473865455992,75
66,6664930,6665002,-19.62714550921711,-19.523241453673513,0.15643473865455992,73
66,6665126,6665187,-19.34817041156086,-19.259923094298514,-1.0,62
66,6665394,6665437,-18.96671435687336,-18.90408740093914,0.48133478040194666,44
66,6665439,6665629,-18.90266406390461,-18.63080566265789,0.48133478040194666,191
66,6665953,6666168,-18.17106591937336,-17.86362402203289,0.24723576078416132,216
66,6666209,6666256,-17.806690186951485,-17.738369871642266,-1.0,48
66,6666660,6666995,-17.16476269671711,-16.68651952984539,-0.1590102046425725,336
66,6667252,6667342,-16.322143800232734,-16.19261962750164,-1.0,91
66,6667363,6667576,-16.16415283343586,-15.859557371642264,0.5220142592787046,214
66,6667682,6667722,-15.71010644671711,-15.65174951031414,-1.0,41
66,6667892,6668158,-15.41120459124836,-15.031172117736014,-0.017103933993279787,267
66,6668636,6668838,-14.352237550232735,-14.063299070861015,0.0,203
66,6668841,6668893,-14.060452393982734,-13.98501513531414,0.0,53
66,6669017,6669092,-13.809944093201485,-13.70177001812664,-1.0,76
66,6669139,6669180,-13.636296143982735,-13.576515867736015,-0.9842796844353846,42
66,6669248,6669291,-13.48115185687336,-13.41852490093914,-1.0,44
66,6669344,6669398,-13.344510987732734,-13.26622704937664,-0.987468224591852,55
66,6669438,6669480,-13.21071679827961,-13.149512938048515,-1.0,43
66,6669530,6669605,-13.079769288513985,-12.97159521343914,-1.0,76
66,6669732,6669905,-12.792254151795236,-12.544592527892265,-0.03989150188973201,174
66,6670193,6670434,-12.136093018982734,-11.79164404156414,0.21476085588328114,242
66,6670852,6671056,-11.19811035296711,-10.906324949767265,-0.016825049746115962,205
66,6671074,6671130,-10.882128175232735,-10.80099755718914,-1.0,57
66,6671233,6671292,-10.655816651795234,-10.570416258361014,-1.0,60
66,6671688,6671869,-10.00819580218586,-9.74914745953289,-0.02431139980197032,182
66,6672182,6672431,-9.30506445452961,-8.94922900250164,0.2408979433438408,250
66,6672634,6672688,-8.661713624451485,-8.583429930236015,-1.0,55
66,6672777,6672937,-8.45817578265461,-8.22901757672039,0.15028134857621142,161
66,6672952,6673050,-8.20909082171711,-8.06817968609539,-1.0,99
66,6673378,6673597,-7.602746827576485,-7.28961132672039,0.193933362941206,220
66,6673611,6673699,-7.27110791156086,-7.144430418517265,-1.0,89
66,6673831,6673878,-6.957972413513985,-6.889652098204765,-1.0,48
66,6674026,6674297,-6.680420655701485,-6.29327148297039,-0.0635702055448535,272
66,6674318,6674392,-6.26480468890461,-6.158053953673515,-1.0,75
66,6674761,6674931,-5.634263917420235,-5.390872313048515,-0.03765527964495946,171
66,6674933,6675001,-5.389448976013985,-5.29123827984539,-0.03765527964495946,69
66,6675077,6675135,-5.184487550232735,-5.10051025250164,-1.0,59
66,6675473,6675493,-4.620843995545235,-4.59095361187664,0.3425023864374358,21
66,6675495,6675686,-4.58953027484211,-4.31624853375164,0.3425023864374358,192
66,6675880,6675941,-4.04154345843586,-3.953296141173515,-1.0,62
66,6676129,6676412,-3.687131104920235,-3.28290185406414,0.021430227036198898,284
66,6676414,6676495,-3.28147851702961,-3.1647644028922652,0.021430227036198898,82
66,6676988,6677170,-2.4644797377327348,-2.204008055236015,0.48639824201780746,183
66,6677188,6677268,-2.179811280701485,-2.06452050640789,-1.0,81
66,6677406,6677452,-1.86952246234211,-1.80262548687664,-1.0,47
66,6677662,6677874,-1.505146729920235,-1.201974852111015,0.580672593122949,213
66,6677876,6677965,-1.200551515076485,-1.07245068218914,0.580672593122949,90
66,6678099,6678178,-0.88314599749836,-0.769278563048515,-1.0,80
66,6678203,6678248,-0.735118409607735,-0.6696447739860151,-1.0,46
66,6678264,6678338,-0.6482944349983599,-0.5415439439078901,-1.0,75
66,6678350,6678414,-0.525886964295235,-0.4333698716422651,-1.0,65
66,6678448,6678702,-0.38639941546710993,-0.02344702007976507,0.6411024672771836,255
66,6678857,6678903,0.19574755718914008,0.2626447767952349,-1.0,47
66,6678943,6679026,0.3181550278922651,0.43771582171710993,-1.0,84
66,6679484,6679530,1.08818359234539,1.15508056781086,-0.7013080918051275,47
66,6679613,6679795,1.271794676329765,1.5322663588264849,-0.2972818860793852,183
66,6679946,6679987,1.745767820861015,1.805548097107735,-1.0,42
66,6680272,6680382,2.209777586486015,2.36776855609211,-0.16757063425026528,111
66,6680384,6680445,2.36919189312664,2.457439210388985,-0.16757063425026528,62
66,6680614,6680722,2.696560789611015,2.85170507952961,-1.0,109
66,6680769,6680802,2.91717870953289,2.965572511170235,-0.11415564124636517,34
66,6680804,6680812,2.966995848204765,2.979805909607735,-0.11415564124636517,9
66,6680815,6680848,2.982652586486015,3.031046143982735,-0.11415564124636517,34
66,6680850,6680978,3.032469481017265,3.216080811951485,-0.11415564124636517,129
66,6681206,6681254,3.539179441954765,3.60892334124836,-1.0,49
66,6681505,6681630,3.964759031798515,4.14410009906086,-0.06659814439039123,126
66,6681846,6681912,4.450118895079765,4.54548291156086,-1.0,67
66,6682193,6682331,4.9440187974235155,5.14186328265461,-0.057357098276709685,139
66,6682444,6682494,5.30127783062664,5.37386816546711,-1.0,51
66,6682615,6682667,5.54466943218914,5.62010644671711,-1.0,53
66,6682688,6682835,5.648573484923515,5.85922802874836,0.12651986044626498,148
66,6682982,6683035,6.06703613140789,6.143896729920235,-1.0,54
66,6683461,6683731,6.748817137267265,7.134543214295235,-0.7470509914281837,271
66,6684103,6684175,7.662603270079765,7.76650732562336,-0.26784060985450076,73
66,6684178,6684289,7.76935400250164,7.928768311951485,-0.26784060985450076,112
66,6684723,6684861,8.54507568218914,8.74292041156086,-0.054325452718469065,139
66,6685274,6685455,9.32933740093914,9.58838574359211,-0.11245369815689427,182
66,6685602,6685650,9.79619384625164,9.865937745545235,-1.0,49
66,6685703,6685775,9.939951414611015,10.04385547015461,-1.0,73
66,6685856,6686023,10.157722898986014,10.396844483826484,-0.6785540273916242,168
66,6686100,6686157,10.50501855328289,10.58757226702961,-1.0,58
66,6686262,6686315,10.73560009625164,10.81246045062336,-1.0,54
66,6686391,6686517,10.919211180236015,11.099975831482736,-0.21240327588947566,127
66,6686534,6686586,11.122749266173516,11.198186280701485,-1.0,53
66,6686689,6686751,11.343367430236015,11.433037843201484,-0.9270937213492029,63
66,6686770,6686774,11.458657957579765,11.46577490374836,-1.0,5
66,6686776,6686812,11.46719824078289,11.51986181781086,-1.0,37
66,6687049,6687271,11.855770750548515,12.173176026795234,-0.22980833853976712,223
66,6687289,6687362,12.197372801329765,12.30270019671711,-0.4832850811496499,74
66,6687364,6687401,12.30412353375164,12.358210694763985,-0.4832850811496499,38
66,6687422,6687464,12.386677488829765,12.447881104920235,-1.0,43
66,6687516,6687611,12.52047167828289,12.657112550232736,-1.0,96
66,6687733,6687913,12.829337156798514,13.086962159607735,0.5710879211597085,181
66,6687982,6688033,13.183749266173516,13.25776318499836,-1.0,52
66,6688107,6688151,13.361667234923514,13.425717530701485,-1.0,45
66,6688193,6688241,13.48407470562664,13.55381836077961,-1.0,49
66,6688332,6688552,13.681919188048514,13.99647802874836,0.373223128138593,221
66,6688718,6688820,14.23132958843914,14.377933839295235,-1.0,103
66,6688840,6688896,14.404977293517264,14.48610791156086,-1.0,57
66,6688923,6689117,14.52311474468914,14.80066650531086,-0.07950252671015352,195
66,6689270,6689312,15.017014647032891,15.078218507263985,-1.0,43
66,6689619,6689739,15.51376122906414,15.68598584124836,0.2679730449721045,121
66,6689741,6689809,15.68740917828289,15.78561963031086,0.2679730449721045,69
66,6689841,6689935,15.829743406798515,15.96496093890461,-1.0,95
66,6690079,6690120,16.16849902203289,16.22827929827961,-1.0,42
66,6690289,6690567,16.46740087750164,16.864513429138984,0.5430652442930173,279
66,6690865,6690907,17.287246336486014,17.348449952576484,-1.0,43
66,6690958,6691015,17.41961718609539,17.50217089984211,-1.0,58
66,6691041,6691091,17.537754637267266,17.610344972107736,-1.0,51
66,6691108,6691202,17.633118406798516,17.76833593890461,-1.0,95
66,6691222,6691250,17.795379637267263,17.836656495545235,-1.0,29
66,6691252,6691273,17.838079832579766,17.869393311951484,-1.0,22
66,6691439,6691517,18.104244871642265,18.21668896624836,-1.0,79
66,6691628,6691781,18.373256590392266,18.592451417420236,0.44401275889476793,154
66,6692106,6692111,19.053614500548516,19.062154542420235,0.22365755099219004,6
66,6692113,6692380,19.063577879454765,19.44503369281086,0.22365755099219004,268
66,6692382,6692444,19.44645702984539,19.536127686951485,0.22365755099219004,63
66,6692446,6692552,19.537551023986016,19.68984863421711,0.22365755099219004,107
66,6692670,6692694,19.856379637267263,19.89196338031086,-0.6418830889395662,25
66,6692696,6692720,19.89338671734539,19.92897021624836,-0.6418830889395662,25
67,6764841,6764895,-19.85055761859211,-19.77227392437664,-1.0,55
67,6764937,6765005,-19.713916749451485,-19.61570605328289,-1.0,69
67,6765120,6765445,-19.453445069763983,-18.989435301329767,-0.13630545836481914,326
67,6765464,6765509,-18.963815186951486,-18.89834130718914,-1.0,46
67,6765583,6765706,-18.79443750140461,-18.61794286968914,-0.13744006972854772,124
67,6765708,6765988,-18.61651953265461,-18.216560301329764,-0.13744006972854772,281
67,6766289,6766524,-17.78955761859211,-17.453648680236014,0.190032094804184,236
67,6766951,6767154,-16.84730468890461,-16.55694286968914,0.5679839025818173,204
67,6767167,6767232,-16.539862550232733,-16.445922117736014,-1.0,66
67,6767450,6767473,-16.13705664202961,-16.10289648297039,-1.0,24
67,6767475,6767495,-16.10147314593586,-16.07158300640789,-1.0,21
67,6767529,6767603,-16.024612550232735,-15.91786181500164,0.5707841123149666,75
67,6767605,6767770,-15.91643847796711,-15.68016357281414,0.5707841123149666,166
67,6767800,6767845,-15.63888672015461,-15.57341308453289,-1.0,46
67,6768014,6768066,-15.33429150531086,-15.258854246642265,-1.0,53
67,6768069,6768097,-15.256007569763986,-15.214730711486014,-1.0,29
67,6768153,6768470,-15.13644677874836,-14.683823729064141,0.43593492485561236,318
67,6768608,6768685,-14.488825929138985,-14.37780517437664,-1.0,78
67,6768970,6769260,-13.973575929138985,-13.559383055236015,0.26074336716627144,291
67,6769298,6769341,-13.506719483826485,-13.44409228375164,-1.0,44
67,6769515,6769573,-13.19785400531086,-13.11387695172039,-0.973768028443004,59
67,6769705,6769841,-12.92741894671711,-12.732421141173514,0.0,137
67,6769843,6769989,-12.730997804138985,-12.521766356017265,0.0,147
67,6770017,6770067,-12.483336183045235,-12.41074560406414,-1.0,51
67,6770117,6770180,-12.341001710388985,-12.249907957579765,-1.0,64
67,6770292,6770507,-12.091916749451485,-11.784474852111016,0.25427587112987937,216
67,6770522,6770607,-11.764548097107735,-11.64214062359539,-1.0,86
67,6770847,6771019,-11.301961671326485,-11.055723387267266,0.33619600198415994,173
67,6771021,6771050,-11.054300050232735,-11.011599852111015,0.33619600198415994,30
67,6771118,6771165,-10.91623584124836,-10.847915281798516,-1.0,48
67,6771196,6771267,-10.805215089295235,-10.70273437359539,-1.0,72
67,6771517,6771624,-10.348322022888985,-10.19460107281414,0.3783311812578469,108
67,6771626,6771768,-10.19317773577961,-9.98963964703289,0.3783311812578469,143
67,6772057,6772104,-9.579717042420235,-9.511396727111014,-0.8424911663544151,48
67,6772121,6772179,-9.48862304827961,-9.40464599468914,-1.0,59
67,6772224,6772473,-9.342018800232735,-8.986183104064141,-0.1256095143442284,250
67,6772500,6772550,-8.94917627093586,-8.876585691954766,-1.0,51
67,6772725,6772774,-8.628924073670236,-8.557757078673514,-1.0,50
67,6772837,6773049,-8.46950976702961,-8.16633788922039,0.09537153079039334,213
67,6773073,6773202,-8.133600831482735,-7.94856640484539,-0.4302519936496505,130
67,6773217,6773287,-7.92863964984211,-7.827582273986015,-1.0,71
67,6773331,6773384,-7.76637841937336,-7.68951806500164,-1.0,54
67,6773386,6773392,-7.68809472796711,-7.67813134625164,-1.0,7
67,6773618,6773812,-7.357879151795235,-7.080327391173515,-0.23873164719822376,195
67,6773833,6773893,-7.051860597107735,-6.9650366196891405,-1.0,61
67,6773965,6773990,-6.863979249451485,-6.826972410704765,-1.0,26
67,6773992,6774009,-6.825549073670235,-6.799928953673515,-1.0,18
67,6774102,6774150,-6.66898144671711,-6.599237547423515,-1.0,49
67,6774310,6774430,-6.372926026795235,-6.20070165875164,-1.0,121
67,6774490,6774568,-6.1167243666389846,-6.00428027203289,0.266169144714284,79
67,6774571,6774776,-6.00143359515461,-5.70822509625164,0.266169144714284,206
67,6774788,6774872,-5.69256836077961,-5.571584227111015,-1.0,85
67,6775030,6775378,-5.348119386170235,-4.851372801329765,-0.5130088107269044,349
67,6775522,6775668,-4.647834718201485,-4.43860351422039,-0.9535977864925703,147
67,6775697,6775738,-4.398749757263985,-4.338969481017265,-1.0,42
67,6775784,6776028,-4.27491894671711,-3.926199949767265,0.2620012203488273,245
67,6776063,6776106,-3.877806397888985,-3.815179441954765,-1.0,44
67,6776131,6776222,-3.78101904437336,-3.650071531798515,-1.0,92
67,6776366,6776527,-3.44653369281086,-3.21595214703289,0.1825612457612399,162
67,6776559,6776636,-3.171828370545235,-3.06080761578289,-1.0,78
67,6776729,6776789,-2.929860108826485,-2.843036375548515,-1.0,61
67,6776918,6776939,-2.660848390076485,-2.629534910704765,0.17930794072622708,22
67,6776941,6777151,-2.628111573670235,-2.327786375548515,0.17930794072622708,211
67,6777365,6777425,-2.02461425921711,-1.937790281798515,-0.9702349576544008,61
67,6777563,6777780,-1.74279248187336,-1.432503660704765,0.5160195945413266,218
67,6777960,6778007,-1.177725343201485,-1.109405027892265,-1.0,48
67,6778084,6778121,-1.00123095843586,-0.9471437974235151,-1.0,38
67,6778123,6778143,-0.9457204603889849,-0.915830320861015,-1.0,21
67,6778179,6778406,-0.8660134291389849,-0.54149120953289,0.13709743012499837,228
67,6778474,6778531,-0.4461271986702349,-0.3635734849235151,-1.0,58
67,6778661,6778677,-0.17996215960773493,-0.15576537945476507,-1.0,17
67,6778679,6778731,-0.15434204242023492,-0.07890478375164006,-1.0,53
67,6778863,6778930,0.10755297711101507,0.20434033343585992,-1.0,68
67,6779065,6779114,0.3950681138297651,0.46623535296710994,-1.0,50
67,6779226,6779291,0.624226316954765,0.71816699359211,0.06134117633514119,66
67,6779295,6779303,0.72243701031414,0.73524707171711,0.06134117633514119,9
67,6779306,6779423,0.73809374859539,0.90604834124836,0.06134117633514119,118
67,6779882,6779902,1.5579392075797651,1.587829347107735,-0.49252920617816576,21
67,6779904,6780025,1.589252684142265,1.762900636170235,-0.49252920617816576,122
67,6780178,6780220,1.9792485337516401,2.040452393982735,-0.9770933623241446,43
67,6780321,6780372,2.18278661968914,2.256800538513985,-1.0,52
67,6780396,6780446,2.289537352111015,2.362127686951485,-1.0,51
67,6780504,6780672,2.44325829937664,2.68380322406086,-0.24511995620203147,169
67,6780724,6780769,2.756393797423515,2.821867433045235,-1.0,46
67,6781029,6781086,3.19051318218914,3.273067140076485,-0.25880550074238295,58
67,6781090,6781166,3.2773371567985152,3.3869345717171098,-0.25880550074238295,77
67,6781577,6781669,3.97050488140789,4.102875733826485,0.09701728470332167,93
67,6781672,6781688,4.105722410704765,4.12991943499836,0.09701728470332167,17
67,6782111,6782272,4.7305700669547655,4.96115136859211,-0.6514976616853903,162
67,6782274,6782320,4.96257470562664,5.029471925232735,-0.6514976616853903,47
67,6782420,6782477,5.17038281109539,5.252936768982735,-1.0,58
67,6782810,6783000,5.725486570861015,5.997344972107735,-0.5169938699094271,191
67,6783305,6783449,6.43004101422039,6.63642578265461,-0.6741391342496152,145
67,6783452,6783516,6.63927245953289,6.731789796326485,-0.6741391342496152,65
67,6783544,6783612,6.770219969298515,6.86843066546711,-1.0,69
67,6783867,6783871,7.2299597153922655,7.237076417420235,-1.0,5
67,6783874,6783931,7.239923094298515,7.322476808045235,-1.0,58
67,6783945,6784143,7.34098046734539,7.62422558734211,-0.5362119913232894,199
67,6784264,6784314,7.795026609923515,7.86761718890461,-1.0,51
67,6784428,6784453,8.028454832579765,8.065461671326485,-0.6215640458221788,26
67,6784455,6784469,8.06688525250164,8.08823535296711,-0.6215640458221788,15
67,6784541,6784669,8.18929247906414,8.37290380999836,0.02005497339655436,129
67,6784671,6784698,8.37432714703289,8.41418066546711,0.02005497339655436,28
67,6784804,6784820,8.56363183453289,8.58782861468586,-1.0,17
67,6784822,6784854,8.58925195172039,8.63622216937336,-1.0,33
67,6785061,6785185,8.92943066265789,9.10734863421711,-0.7095858643189961,125
67,6785351,6785397,9.34220019390789,9.40909716937336,-1.0,47
67,6785693,6785883,9.82898339703289,10.10084179827961,-0.31004322270300877,191
67,6786019,6786070,10.29299316265789,10.36700683734211,-1.0,52
67,6786365,6786423,10.785469481017264,10.86944677874836,0.11983079581400273,59
67,6786426,6786520,10.87229345562664,11.007510987732735,0.11983079581400273,95
67,6786801,6786863,11.40604687359539,11.495717530701485,-1.0,63
67,6786969,6787153,11.64516845562664,11.908487061951485,0.01096572518859938,185
67,6787556,6787607,12.480670652892265,12.55468457171711,-0.20489198711619094,52
67,6787609,6787748,12.55610790875164,12.755375733826485,-0.20489198711619094,140
67,6788255,6788423,13.475587156798515,13.716132081482735,0.17799293831666677,169
67,6788812,6788856,14.26838915875164,14.33243945452961,-0.9593115178471219,45
67,6788913,6789056,14.412146727111015,14.61710791156086,0.5798173977494477,144
67,6789258,6789308,14.903199949767265,14.975790284607735,-1.0,51
67,6789428,6789655,15.145168211486014,15.469690186951485,-0.5220407601593612,228
67,6789769,6789837,15.630528074767264,15.728738526795235,-1.0,69
67,6789952,6790001,15.890999754454764,15.962166749451486,-1.0,50
67,6790068,6790313,16.05610742047039,16.406249757263986,0.4149463431360806,246
67,6790335,6790419,16.436139891173514,16.55712402484211,-1.0,85
67,6790507,6790565,16.680954832579765,16.76493213031086,-1.0,59
67,6790688,6790877,16.938579832579766,17.209014893982737,0.1383496770193293,190
67,6790906,6790981,17.24886865093914,17.357042726013987,-1.0,76
67,6791285,6791585,17.78831542828289,18.21674170062336,-0.7613897247783787,301
67,6791901,6791943,18.665094481017267,18.72629834124836,-1.0,43
67,6791974,6792211,18.76899853375164,19.107754151795234,0.5416445014634922,238
67,6792784,6792838,19.921906004454765,20.0,-0.35481564043171865,55
68,6814646,6814686,-19.889976808045233,-19.831619871642264,-1.0,41
68,6814830,6814872,-19.628081788513985,-19.566878172423515,-1.0,43
68,6814922,6815248,-19.49713427874836,-19.03170117047039,0.24754304025075471,327
68,6815285,6815333,-18.98046093890461,-18.910717039611015,-1.0,49
68,6815804,6816024,-18.24174609515461,-17.927187254454765,0.1345051432158725,221
68,6816149,6816295,-17.75069287249836,-17.54146142437664,-1.0,147
68,6816420,6816606,-17.364967042420236,-17.098802000548513,0.2704790989535502,187
68,6816851,6817041,-16.75150634906086,-16.47964794781414,0.656433169460863,191
68,6817138,6817198,-16.34300683734211,-16.25618310406414,-0.510904383504387,61
68,6817296,6817344,-16.118118897888984,-16.04837499859539,-1.0,49
68,6817557,6817727,-15.74662646624836,-15.50323486187664,0.2128841131627708,171
68,6817830,6817875,-15.35805371234211,-15.29258007672039,-1.0,46
68,6817877,6817897,-15.29115673968586,-15.26126660015789,-1.0,21
68,6818008,6818198,-15.10469873187336,-14.83284033062664,0.4520883701671641,191
68,6818536,6818589,-14.35317382952961,-14.27631347515789,-0.9821329887906295,54
68,6818871,6819058,-13.87635400531086,-13.60876562359539,-0.06474043030748765,188
68,6819060,6819074,-13.60734228656086,-13.58599218609539,-0.06474043030748765,15
68,6819090,6819140,-13.56464209124836,-13.492051512267265,-1.0,51
68,6819442,6819638,-13.06362548968586,-12.78322704937664,0.01375167461247647,197
68,6819640,6819665,-12.78180371234211,-12.744796629454765,0.01375167461247647,26
68,6819773,6819825,-12.59249902484211,-12.51706201031414,-1.0,53
68,6820019,6820222,-12.242356690857735,-11.951994871642265,0.4124569810444858,204
68,6820265,6820319,-11.89221435687336,-11.81393066265789,-1.0,55
68,6820461,6820584,-11.61323925921711,-11.436744871642265,-1.0,124
68,6820789,6820820,-11.14638281390461,-11.10083593609539,0.07235959478194061,32
68,6820822,6821038,-11.09941259906086,-10.79054736187664,0.07235959478194061,217
68,6821557,6821778,-10.05325586077961,-9.737273680236015,-0.07346641591017643,222
68,6821945,6822004,-9.500998780701485,-9.41559814312664,-1.0,60
68,6822006,6822020,-9.41417480609211,-9.39282470562664,-1.0,15
68,6822175,6822419,-9.17362988421711,-8.82491113140789,0.0,245
68,6822442,6822520,-8.793597413513986,-8.68115331890789,-0.9021187403484854,79
68,6822625,6822671,-8.533125733826484,-8.466228758361016,-1.0,47
68,6822806,6822956,-8.275500733826485,-8.060575926329765,0.46422321210399353,151
68,6823162,6823191,-7.768790772888985,-7.726090574767265,-1.0,30
68,6823193,6823212,-7.724667237732735,-7.696200438048515,-1.0,20
68,6823496,6823559,-7.293394288513985,-7.202300535704765,0.23138531520119882,64
68,6823561,6823713,-7.200877198670235,-6.983105711486015,0.23138531520119882,153
68,6823900,6823967,-6.718364015076485,-6.62157665875164,-1.0,68
68,6824091,6824394,-6.44650537249836,-6.013809324767265,0.1117228307119412,304
68,6824505,6824547,-5.85724170062336,-5.796037840392265,-1.0,43
68,6824795,6824982,-5.44447216937336,-5.17688378765789,0.3934447000933943,188
68,6825110,6825160,-4.996119386170235,-4.92352880718914,-0.6593659261426309,51
68,6825343,6825385,-4.66448047015461,-4.6032768540641404,-1.0,43
68,6825520,6825573,-4.41254882952961,-4.335688231017265,-1.0,54
68,6825575,6825589,-4.334264893982735,-4.312914793517265,-1.0,15
68,6825709,6825887,-4.14353711077961,-3.88875878765789,0.5626877178713925,179
68,6825951,6826018,-3.799088136170235,-3.70230077984539,-0.41259569209836394,68
68,6826275,6826320,-3.337925050232735,-3.272451414611015,-1.0,46
68,6826442,6826717,-3.100226808045235,-2.70738427593914,0.12200979259189525,276
68,6827148,6827353,-2.095346925232735,-1.802138426329765,-0.08759209337604926,206
68,6827355,6827372,-1.800715089295235,-1.775094969298515,-0.08759209337604926,18
68,6827514,6827604,-1.5744035658577349,-1.44487939312664,-1.0,91
68,6827822,6827941,-1.136013917420235,-0.9652128892203901,0.7276310886717782,120
68,6827943,6827986,-0.9637895521858599,-0.9011625962516401,0.7276310886717782,44
68,6828202,6828258,-0.5951438002327349,-0.51401318218914,-1.0,57
68,6828291,6828352,-0.4684663099983599,-0.38021899273601506,-1.0,62
68,6828384,6828435,-0.3360954603889849,-0.2620815415641401,-1.0,52
68,6828453,6828542,-0.23788476702960992,-0.10978393414226506,-0.09220073630160602,90
68,6828544,6828662,-0.10836059710773494,0.061017091248359925,-0.09220073630160602,119
68,6828701,6828736,0.11510424664226507,0.16634448382648492,-1.0,36
68,6828738,6828753,0.16776782086101508,0.19054126117023493,-1.0,16
68,6829314,6829367,0.98761327984539,1.06447363421711,-0.9771100039643797,54
68,6829458,6829617,1.192574461486015,1.4203093275764849,-0.2631746184226418,160
68,6830061,6830218,2.05085009625164,2.27573828265461,-0.13363004596762973,158
68,6830390,6830465,2.51912988140789,2.627303956482735,-1.0,76
68,6830616,6830801,2.840805418517265,3.105547120545235,-0.6568301769085804,186
68,6830829,6830902,3.143977293517265,3.2493046889046098,-1.0,74
68,6830904,6830904,3.2507280259391402,3.25215136859211,-1.0,1
68,6831062,6831162,3.47561620953289,3.619373780701485,-1.0,101
68,6831246,6831440,3.73751122906414,4.01506298968586,-0.25061928985987103,195
68,6831818,6831970,4.55166308453289,4.76943457171711,0.03583251020820962,153
68,6832239,6832331,5.150890379454765,5.28326123187336,-1.0,93
68,6832522,6832655,5.553696531798515,5.74442431781086,-0.27218583718223033,134
68,6832731,6832773,5.851175047423515,5.9123786635139846,-1.0,43
68,6832810,6832900,5.96361913922039,6.093143311951485,-1.0,91
68,6832971,6833011,6.19277734234539,6.25113427874836,-1.0,41
68,6833024,6833168,6.26821435406414,6.47459912249836,-0.6756031562375084,145
68,6833613,6833673,7.106563231017265,7.19338720843586,-1.0,61
68,6833818,6833942,7.39834863140789,7.576266358826485,-0.10104304742053352,125
68,6833988,6834037,7.640316648986015,7.71148388812336,-1.0,50
68,6834410,6834458,8.24096728375164,8.310711183045235,-1.0,49
68,6834527,6834658,8.40749853375164,8.595379640076485,0.05434989749077669,132
68,6834674,6834725,8.616729734923515,8.69074365374836,-1.0,52
68,6834825,6834887,8.831654539611016,8.92132519671711,-0.762967003132993,63
68,6835114,6835351,9.24300048687664,9.581756104920235,0.003924053288117006,238
68,6835442,6835484,9.70985693218914,9.771060792420235,-1.0,43
68,6835668,6835708,10.031532469298515,10.089889405701484,-1.0,41
68,6835803,6835844,10.22368359234539,10.283464112732736,-1.0,42
68,6835875,6835922,10.326164305236015,10.39448486468586,-1.0,48
68,6835934,6835999,10.41014160015789,10.504082276795234,-1.0,66
68,6836060,6836202,10.589482664611015,10.793020753357736,0.008079112490670151,143
68,6836584,6836743,11.335314207579765,11.563049073670236,-0.057328976995223435,160
68,6836905,6836959,11.792207273986016,11.87049121234211,-1.0,55
68,6837094,6837135,12.061218992736014,12.12099951312336,-1.0,42
68,6837280,6837517,12.325960691954766,12.66471630999836,-0.021978864186408868,238
68,6837605,6837658,12.788547117736014,12.86540771624836,-1.0,54
68,6838068,6838258,13.44755468609539,13.719413331482736,0.08737409790481615,191
68,6838294,6838338,13.769230223204765,13.83328076312336,-1.0,45
68,6838815,6839001,14.510791746642266,14.776956788513985,0.6988076561562061,187
68,6839646,6839782,15.693589598204765,15.88858740374836,0.42920135732506265,137
68,6840077,6840125,16.30705029156414,16.37679394671711,-0.8758009336026245,49
68,6840323,6840502,16.65719238140789,16.91339404437336,0.5136779841752296,180
68,6840881,6840930,17.451417723204766,17.522584718201486,-0.8348879340694193,50
68,6841067,6841310,17.716159422423516,18.06345507952961,0.5997336738807288,244
68,6841764,6841815,18.708229246642265,18.78224316546711,-0.49271001808150017,52
68,6841892,6841935,18.89041699078289,18.953044190857735,-0.8721967009948638,44
68,6842074,6842117,19.149465574767266,19.212092530701486,-1.0,44
68,6842129,6842349,19.227749266173515,19.54230810687336,0.15263569690205048,221
69,6909628,6909677,-19.80604492327961,-19.73487792828289,-1.0,50
69,6909709,6909766,-19.690754151795236,-19.608200438048517,-0.3710691425451839,58
69,6909768,6910014,-19.606777101013986,-19.25521142437664,-0.3710691425451839,247
69,6910144,6910212,-19.07160009906086,-18.973389402892266,-1.0,69
69,6910315,6910640,-18.82820849749836,-18.364198973204765,-0.24924021322735512,326
69,6910655,6910756,-18.34427197406086,-18.199091063048517,-1.0,102
69,6910817,6910877,-18.113690675232736,-18.02686669781414,-1.0,61
69,6911117,6911506,-17.686687745545235,-17.131584227111016,-0.4022070559169789,390
69,6911553,6911627,-17.06611035296711,-16.959359617736016,-1.0,75
69,6911645,6911702,-16.935162843201486,-16.85260888531414,-1.0,58
69,6911723,6911763,-16.82414209124836,-16.76578515484539,-1.0,41
69,6912006,6912240,-16.421336183045234,-16.08685058453289,0.20195673872765543,235
69,6912536,6912570,-15.666964601013985,-15.61714745953289,0.34529319568998024,35
69,6912572,6912738,-15.61572412249836,-15.37802587750164,0.34529319568998024,167
69,6912740,6912807,-15.37660254046711,-15.27981542828289,0.34529319568998024,68
69,6912828,6912905,-15.251348390076485,-15.14032763531414,-1.0,78
69,6913295,6913406,-14.58664746234211,-14.427233152892265,-1.0,112
69,6913832,6913922,-13.82231250140461,-13.692788328673515,0.094305081126628,91
69,6913924,6914127,-13.691364991638984,-13.40100292828289,0.094305081126628,204
69,6914508,6914515,-12.86013281390461,-12.84874609234539,0.2631279783277475,8
69,6914517,6914774,-12.84732275531086,-12.480100340392266,0.2631279783277475,258
69,6914892,6914942,-12.31356933734211,-12.240978758361015,-1.0,51
69,6915252,6915295,-11.801165772888986,-11.738538816954765,-1.0,44
69,6915331,6915684,-11.688721925232734,-11.184858641173514,0.19116511456623048,354
69,6915701,6915757,-11.16208496234211,-11.08095458843914,-0.984087135427993,57
69,6916143,6916285,-10.532967530701486,-10.32942968609539,0.0,143
69,6916287,6916425,-10.32800634906086,-10.13016161968914,0.0,139
69,6916512,6916568,-10.007754151795234,-9.92662353375164,-1.0,57
69,6916582,6916628,-9.90812011859211,-9.84122314312664,-1.0,47
69,6916698,6916783,-9.743012452576485,-9.62060497906414,-1.0,86
69,6916970,6917211,-9.35586328265461,-9.011414305236014,0.32565175969285504,242
69,6917369,6917420,-8.787949464295234,-8.713935789611016,-1.0,52
69,6917644,6917788,-8.39653027484211,-8.19014550640789,-0.08072031927696093,145
69,6917790,6917980,-8.18872216937336,-7.91686376812664,-0.08072031927696093,191
69,6918151,6918206,-7.67489550921711,-7.595188231017265,-1.0,56
69,6918240,6918295,-7.548218018982735,-7.46851074078289,-1.0,56
69,6918400,6918598,-7.320483155701485,-7.037238035704765,0.14343947026658882,199
69,6918645,6918655,-6.97176416156086,-6.95610742047039,-1.0,11
69,6918657,6918707,-6.95468408343586,-6.88209374859539,-1.0,51
69,6919025,6919238,-6.4308940443733595,-6.12629882672039,0.05129193734780507,214
69,6919240,6919280,-6.12487548968586,-6.066518309142265,0.05129193734780507,41
69,6919375,6919424,-5.93272412249836,-5.861556883361015,-1.0,50
69,6919450,6919508,-5.825973390076485,-5.741996336486015,-1.0,59
69,6919563,6919708,-5.66513574359211,-5.45732763531414,-1.0,146
69,6919780,6919836,-5.356270265076485,-5.275139891173515,-0.37713556116201685,57
69,6919838,6920051,-5.273716554138985,-4.96912109234539,-0.37713556116201685,214
69,6920190,6920256,-4.772699952576485,-4.67733593609539,-1.0,67
69,6920521,6920757,-4.301573487732735,-3.96424120953289,0.20484631012721635,237
69,6920827,6920897,-3.866030518982735,-3.764973387267265,-1.0,71
69,6920937,6920986,-3.70946289202961,-3.638295652892265,-1.0,50
69,6921212,6921478,-3.318043702576485,-2.93801122906414,0.09318768126131159,267
69,6921480,6921482,-2.93658789202961,-2.93231786968914,0.09318768126131159,3
69,6921585,6921628,-2.787136964295235,-2.72450976422039,-1.0,44
69,6921745,6922053,-2.559402101013985,-2.119589109923515,-0.7007706565435418,309
69,6922080,6922124,-2.082582276795235,-2.01853173687664,-1.0,45
69,6922207,6922272,-1.901817628357735,-1.807877195861015,-1.0,66
69,6922369,6922416,-1.67123632952961,-1.602915770079765,-1.0,48
69,6922513,6922755,-1.46627490374836,-1.120402586486015,-0.5157662638702225,243
69,6922781,6922807,-1.084819093201485,-1.046388914611015,-1.0,27
69,6922809,6922820,-1.044965577576485,-1.02788525250164,-1.0,12
69,6922822,6922841,-1.02646191546711,-0.99799511578289,-1.0,20
69,6923169,6923398,-0.5325620131233599,-0.20519335797039007,0.11115794150452685,230
69,6923680,6923723,0.19476611187664009,0.2573930678108599,-1.0,44
69,6923836,6924061,0.41680737164226506,0.73848291156086,-0.7203117374692388,226
69,6924315,6924357,1.0985886216422651,1.159792237732735,-1.0,43
69,6924389,6924431,1.20391601422039,1.26511963031086,-1.0,43
69,6924587,6924805,1.48573779156414,1.79744970843586,-0.4006441972942694,219
69,6924856,6924908,1.8686169419547651,1.9440542006233599,-1.0,53
69,6925108,6925260,2.2272993150016402,2.44507080218586,-0.10634233570561147,153
69,6925715,6925774,3.091268309142265,3.17666894671711,-0.5477086185699719,60
69,6925777,6925958,3.17951562359539,3.43856396624836,-0.5477086185699719,182
69,6925985,6926030,3.47557079937664,3.541044679138985,-1.0,46
69,6926222,6926343,3.812903074767265,3.98655078265461,-0.235651031393814,122
69,6926846,6926873,4.70106884625164,4.74092236468586,-0.11158599869653886,28
69,6926875,6927020,4.74234570172039,4.95015380999836,-0.11158599869653886,146
69,6927370,6927419,5.44690038922039,5.518067628357735,-1.0,50
69,6927474,6927564,5.594927977111015,5.72445214984211,-0.48114819315964097,91
69,6927566,6927627,5.72587548687664,5.814122804138985,-0.48114819315964097,62
69,6927847,6927887,6.125834715392265,6.18419189593586,-1.0,41
69,6927969,6928133,6.299482664611015,6.534334229920235,-0.546999616611086,165
69,6928371,6928426,6.871666258361015,6.95137353656086,-1.0,56
69,6928639,6928796,7.253122313048515,7.47801025531086,-0.2881839363112856,158
69,6929074,6929168,7.87227636578289,8.007493897888985,-1.0,95
69,6929243,6929307,8.11282128765789,8.20533838031086,-1.0,65
69,6929332,6929337,8.239498777892265,8.248038819763986,-0.5089214252573799,6
69,6929339,6929596,8.249462156798515,8.61668457171711,-0.5089214252573799,258
69,6930053,6930266,9.265728758361014,9.570323976013984,-0.5741333314659879,214
69,6930481,6930522,9.87491943218914,9.93469970843586,-1.0,42
69,6930524,6930550,9.93612304547039,9.974553468201485,-1.0,27
69,6930688,6930734,10.16955126812664,10.236448487732735,-1.0,47
69,6931043,6931118,10.67483788922039,10.783011964295236,-0.262405019040778,76
69,6931120,6931181,10.784435301329765,10.87268261859211,-0.262405019040778,62
69,6931834,6931874,11.800701902892264,11.85905908343586,-1.0,41
69,6931966,6932008,11.988583250548515,12.049786866638986,-1.0,43
69,6932417,6932579,12.63051074078289,12.86251562640461,-0.40184053251816193,163
69,6932688,6932746,13.016236570861015,13.10021386859211,-1.0,59
69,6932881,6932890,13.290941648986015,13.305175050232736,-1.0,10
69,6932892,6932927,13.30659863140789,13.35783886859211,-1.0,36
69,6933484,6933549,14.14921728375164,14.243157960388984,-1.0,66
69,6933942,6934118,14.80110839703289,15.05304004046711,-0.21162643117814545,177
69,6934162,6934241,15.114243650939141,15.228111085388985,-1.0,80
69,6934533,6934667,15.64230370953289,15.83445507952961,0.09990444437735332,135
69,6934669,6934891,15.83587841656414,16.153283936951485,0.09990444437735332,223
69,6935115,6935170,16.470689207579763,16.55039648577961,-1.0,56
69,6935501,6935575,17.02009960797039,17.12685009906086,-1.0,75
69,6935589,6935852,17.145353758361015,17.52111621234211,0.35911413025534583,264
69,6935854,6935971,17.52253954937664,17.690493897888985,0.35911413025534583,118
69,6936189,6936233,17.999359129454763,18.06340966937336,-1.0,45
69,6936379,6936443,18.26979443218914,18.36231152484211,-0.0038424541797450794,65
69,6936445,6936768,18.36373486187664,18.82489795062336,-0.0038424541797450794,324
69,6937084,6937128,19.27325097515789,19.33730127093586,-1.0,45
69,6937318,6937594,19.60631298687664,20.0,-0.5183413252776116,277
70,6961002,6961189,-19.845239503357735,-19.577651121642266,0.3516485106616813,188
70,6961449,6961502,-19.20900537249836,-19.132144773986013,-1.0,54
70,6961585,6961627,-19.01543066546711,-18.95422704937664,-1.0,43
70,6961781,6961859,-18.73645556781086,-18.624011473204764,-1.0,79
70,6961922,6961926,-18.53576416156086,-18.52864745953289,0.07961490398036583,5
70,6961928,6962234,-18.52722412249836,-18.090258055236013,0.07961490398036583,307
70,6962436,6962516,-17.804166261170234,-17.68887548687664,-1.0,81
70,6962543,6962592,-17.651868409607737,-17.580701414611013,-1.0,50
70,6962745,6963075,-17.364353272888984,-16.893226805236015,0.1722869078112955,331
70,6963111,6963113,-16.843409913513984,-16.839139891173517,-0.9830811995883716,3
70,6963115,6963249,-16.837716554138986,-16.645565184142264,-0.9830811995883716,135
70,6963295,6963362,-16.581514893982735,-16.48472753765789,-1.0,68
70,6963389,6963473,-16.44772070452961,-16.326736570861016,-1.0,85
70,6963504,6963547,-16.28403613421711,-16.22140917828289,-1.0,44
70,6963662,6963703,-16.05914795062336,-15.99936767437664,-0.904291188219691,42
70,6963750,6963805,-15.933893800232735,-15.854186766173514,-1.0,56
70,6964016,6964056,-15.55528466937336,-15.49692773297039,-0.8718728450460502,41
70,6964090,6964308,-15.44995752093586,-15.138245359923514,0.1427953023705063,219
70,6964310,6964329,-15.136822022888985,-15.108355223204764,0.1427953023705063,20
70,6965039,6965122,-14.099205323670235,-13.97964452984539,-1.0,84
70,6965153,6965360,-13.936944093201484,-13.640888914611015,0.09958686368919134,208
70,6965362,6965440,-13.639465577576486,-13.52702148297039,0.09958686368919134,79
70,6965522,6965578,-13.411730714295235,-13.33060009625164,-1.0,57
70,6965786,6965857,-13.03596826312336,-12.933487547423516,-1.0,72
70,6966037,6966095,-12.678709229920235,-12.59473193218914,-0.06044986055415117,59
70,6966097,6966115,-12.59330859515461,-12.56626513531414,-0.06044986055415117,19
70,6966118,6966189,-12.56341845843586,-12.460937742736014,-0.06044986055415117,72
70,6966466,6966517,-12.06809521624836,-11.99408154156414,-1.0,52
70,6966548,6966597,-11.951381104920236,-11.880214109923514,-1.0,50
70,6966660,6966683,-11.79196679827961,-11.75780663922039,0.3187022874334324,24
70,6966685,6966686,-11.75638330218586,-11.75353661968914,0.3187022874334324,2
70,6966691,6966877,-11.74784326312336,-11.481677977111016,0.3187022874334324,187
70,6966946,6966987,-11.384890870545235,-11.32511035015789,-1.0,42
70,6967148,6967209,-11.09737548968586,-11.00912841656414,-1.0,62
70,6967278,6967353,-10.912341065857735,-10.80416699078289,-1.0,76
70,6967402,6967458,-10.735846436951485,-10.654716063048514,-0.826771863000324,57
70,6967773,6968075,-10.207786378357735,-9.77651367047039,0.3153134906843884,303
70,6968510,6968578,-9.158782960388985,-9.06057226422039,-1.0,69
70,6968711,6968762,-8.87269091937336,-8.79867724468914,-1.0,52
70,6968787,6969015,-8.764516847107735,-8.438571531798514,0.2290204081086922,229
70,6969593,6969678,-7.61730273577961,-7.494895262267265,0.3330546352101484,86
70,6969680,6969743,-7.493471925232735,-7.40237792828289,0.3330546352101484,64
70,6970071,6970175,-6.936945069763985,-6.787493895079765,-1.0,105
70,6970258,6970438,-6.670780030701485,-6.41315478375164,0.1654320571422334,181
70,6970440,6970473,-6.41173144671711,-6.36333788922039,0.1654320571422334,34
70,6970685,6970754,-6.06301269671711,-5.963378660704765,-1.0,70
70,6970785,6970852,-5.92067822406086,-5.82389111187664,-1.0,68
70,6970854,6970910,-5.82246777484211,-5.741337156798515,-1.0,57
70,6970962,6971009,-5.66874658343586,-5.60042626812664,-1.0,48
70,6971153,6971414,-5.39688818499836,-5.023972410704765,0.21731129832201043,262
70,6971505,6971574,-4.89587158343586,-4.796237547423515,-0.895915524712708,70
70,6971655,6971716,-4.68237011859211,-4.59412304547039,-1.0,62
70,6972178,6972374,-3.93796191546711,-3.65756347515789,0.0,197
70,6972429,6972491,-3.58070312640461,-3.491032469298515,-1.0,63
70,6973207,6973478,-2.473342530701485,-2.086193113829765,-0.03498122598162852,272
70,6973493,6973571,-2.066266358826485,-1.95382226422039,-1.0,79
70,6974018,6974373,-1.319011476013985,-0.812301512267265,0.4048725120094738,356
70,6974446,6974525,-0.70982080218586,-0.595953367736015,-1.0,80
70,6974541,6974583,-0.5746032728889849,-0.5133996567985151,-1.0,43
70,6974749,6974814,-0.2785480971077349,-0.18460742047039008,-1.0,66
70,6975138,6975450,0.2751323228141401,0.720638429138985,0.24431989597435652,313
70,6976119,6976164,1.671431395079765,1.736905030701485,-0.9465658576603537,46
70,6976243,6976363,1.84792577984539,2.0201503920296098,-0.46862441975412256,121
70,6976727,6976770,2.53682372906414,2.59945068499836,-1.0,44
70,6976855,6977043,2.719011473204765,2.98802343890461,-0.7977829324993844,189
70,6977379,6977435,3.464843016173515,3.54597363421711,-1.0,57
70,6977727,6977896,3.960166258361015,4.202134522888985,-0.5303560372402506,170
70,6978172,6978223,4.593553953673515,4.667567628357735,-1.0,52
70,6978260,6978337,4.71880810406414,4.8298286146858596,-1.0,78
70,6978419,6978555,4.945119383361015,5.140117433045235,-0.2267606441051338,137
70,6978557,6978595,5.141540770079765,5.197051026795235,-0.2267606441051338,39
70,6978685,6978798,5.32372851422039,5.48598974749836,-1.0,114
70,6978989,6979067,5.75642480328289,5.868868897888985,-1.0,79
70,6979259,6979429,6.140727293517265,6.384118897888985,-0.3562948189264753,171
70,6979610,6979652,6.640320555236015,6.70152441546711,-1.0,43
70,6979920,6980069,7.081556883361015,7.29505810687336,-0.16783340493360524,150
70,6980609,6980664,8.062239988829765,8.141947022888985,-1.0,56
70,6980681,6980915,8.164720457579765,8.49920605609211,-0.679141956945599,235
70,6981119,6981161,8.78814452984539,8.849348390076486,-1.0,43
70,6981217,6981288,8.92763232281414,9.03011279437336,-1.0,72
70,6981322,6981373,9.077083250548515,9.151096925232736,-1.0,52
70,6981396,6981483,9.18241064312664,9.307664796326485,-1.0,88
70,6981550,6981593,9.401605223204765,9.46423242327961,-1.0,44
70,6981649,6981929,9.542516356017265,9.94247558734211,-0.5190050689825279,281
70,6982121,6982168,10.21433398297039,10.282654542420236,-1.0,48
70,6982363,6982427,10.558782957579766,10.651300050232734,-1.0,65
70,6982626,6982707,10.93312206890789,11.049836183045235,-0.9013479247984743,82
70,6982709,6982868,11.051259520079766,11.278994386170234,-0.9013479247984743,160
70,6982935,6983013,11.372934813048515,11.48537890765461,-0.7855941913719255,79
70,6983057,6983197,11.546582762267265,11.74727392718586,-1.0,141
70,6983375,6983426,11.99920556500164,12.073219483826485,-1.0,52
70,6983470,6983714,12.134423094298516,12.48314209124836,-0.14650986166991833,245
70,6984166,6984333,13.125069578673514,13.364191163513985,-0.08835212967080486,168
70,6984396,6984454,13.45243847515789,13.536415772888985,-1.0,59
70,6984889,6985191,14.15414648297039,14.585419190857735,-0.05125615851365178,303
70,6985203,6985308,14.601075926329765,14.751950440857735,-1.0,106
70,6985725,6986022,15.344060789611015,15.768217042420234,0.45014623753512406,298
70,6986104,6986178,15.88350781109539,15.990258546326485,-1.0,75
70,6986684,6986853,16.70904638531414,16.95101464984211,0.31878950642290566,170
70,6986855,6986965,16.95243798687664,17.11042920062336,0.31878950642290566,111
70,6986978,6987023,17.12750927593914,17.19298291156086,-1.0,46
70,6987463,6987724,17.817830320861017,18.19074609515461,0.0676132108971335,262
70,6987755,6987801,18.233446531798513,18.300343507263985,-0.9926776079504918,47
70,6987852,6988011,18.37151074078289,18.59924560687336,-1.0,160
70,6988080,6988136,18.696032957579764,18.777163331482736,-0.9495943209476817,57
70,6988170,6988264,18.82413378765789,18.959351319763986,-1.0,95
70,6988703,6988820,19.58277538922039,19.750729737732733,-1.0,118
70,6988904,6988995,19.86886718609539,19.999814698670235,0.26115833006919376,92
71,7058494,7058573,-19.999717530701485,-19.88585009625164,-1.0,80
71,7058799,7058860,-19.56559814593586,-19.477350828673515,-1.0,62
71,7058882,7058981,-19.447460694763986,-19.30512646343914,-1.0,100
71,7059007,7059073,-19.269542726013984,-19.174178953673515,-1.0,67
71,7059122,7059241,-19.10585839984211,-18.935057371642266,0.5430608173437272,120
71,7059243,7059248,-18.933634034607735,-18.925093992736016,0.5430608173437272,6
71,7059250,7059303,-18.923670655701486,-18.84681005718914,0.5430608173437272,54
71,7059327,7059402,-18.81407324359211,-18.705899168517266,-1.0,76
71,7059461,7059514,-18.62334521624836,-18.54648486187664,-1.0,54
71,7059902,7060120,-17.995651124451484,-17.683939207579765,0.5242457960097439,219
71,7060142,7060188,-17.65404882952961,-17.58715185406414,-1.0,47
71,7060533,7060574,-17.09752197406086,-17.037741453673515,-1.0,42
71,7060657,7060847,-16.92102734515461,-16.64916894390789,0.9351184491850034,191
71,7060859,7060914,-16.63351220843586,-16.553804930236016,-1.0,56
71,7060971,7061006,-16.474097901795236,-16.42285742047039,-1.0,36
71,7061008,7061052,-16.42143408343586,-16.35738378765789,-1.0,45
71,7061372,7061445,-15.90333740374836,-15.798010008361015,-1.0,74
71,7061746,7061950,-15.37100732562336,-15.079221922423516,0.3866495663042383,205
71,7061997,7062077,-15.013748292420235,-14.89845751812664,-0.7641330268883054,81
71,7062326,7062376,-14.545468507263985,-14.472878172423515,-1.0,51
71,7062398,7062667,-14.44298779437336,-14.058685301329765,0.03303689571371504,270
71,7063255,7063481,-13.22318310687336,-12.90008447125164,0.7460699268322846,227
71,7063605,7063649,-12.72501318499836,-12.66096288922039,-0.8802882202903,45
71,7063876,7063969,-12.339287354920234,-12.20549316265789,0.053266106386476296,94
71,7063971,7064052,-12.20406982562336,-12.087355711486016,0.053266106386476296,82
71,7064308,7064350,-11.72440332171711,-11.66319970562664,-1.0,43
71,7064369,7064420,-11.63757959124836,-11.563565672423515,-1.0,52
71,7064432,7064490,-11.547908936951485,-11.46393163922039,-1.0,59
71,7064531,7064564,-11.40699804827961,-11.358604246642265,-1.0,34
71,7064566,7064586,-11.357180909607735,-11.327290770079765,-1.0,21
71,7064619,7064808,-11.281743897888985,-11.011308836486014,0.4827930148959507,190
71,7064823,7064896,-10.99138183734211,-10.88605468609539,-0.869402759420513,74
71,7065053,7065093,-10.66401318499836,-10.605656004454765,-1.0,41
71,7065219,7065444,-10.42773828265461,-10.106062742736015,0.5732598624580487,226
71,7066035,7066249,-9.26629052874836,-8.96027197125164,0.5884630819242264,215
71,7066283,7066334,-8.91330175921711,-8.839287840392265,-1.0,52
71,7066779,7066939,-8.20732373187336,-7.97816552593914,0.25288982996459475,161
71,7066941,7067006,-7.97674218890461,-7.882801512267265,0.25288982996459475,66
71,7067027,7067143,-7.854334718201485,-7.68780370953289,-1.0,117
71,7067299,7067523,-7.46718554827961,-7.146933348204765,0.24566129485157093,225
71,7067602,7067646,-7.03591259906086,-6.97186230328289,-0.7526438344056877,45
71,7067665,7067823,-6.94624218890461,-6.71993066265789,-1.0,159
71,7067841,7067881,-6.69573388812336,-6.637376707579765,-0.5848534948426457,41
71,7067920,7067978,-6.583289796326485,-6.49931249859539,-1.0,59
71,7068150,7068194,-6.25592089984211,-6.19187060406414,-1.0,45
71,7068206,7068262,-6.176213624451485,-6.095083250548515,-1.0,57
71,7068309,7068350,-6.02960937640461,-5.96982910015789,0.08653526381465577,42
71,7068352,7068527,-5.96840576312336,-5.71789745953289,0.08653526381465577,176
71,7068542,7068638,-5.69797070452961,-5.559906492736015,-1.0,97
71,7068727,7068813,-5.43465234515461,-5.310821531798515,-1.0,87
71,7068844,7069127,-5.26812109515461,-4.863891844298515,-0.16132655051361872,284
71,7069311,7069329,-4.603420167420235,-4.576376707579765,-1.0,19
71,7069332,7069354,-4.573530030701485,-4.54079296734539,-1.0,23
71,7069392,7069437,-4.48812939593586,-4.422655516173515,-1.0,46
71,7069475,7069589,-4.369991944763985,-4.20630761578289,0.3846839655273196,115
71,7069698,7069757,-4.05258642718586,-3.96718603375164,-1.0,60
71,7070045,7070305,-3.55868652484211,-3.187194090392265,0.0,261
71,7070491,7070519,-2.923875733826485,-2.8825988755485152,-1.0,29
71,7070522,7070570,-2.879752198670235,-2.81000829937664,-1.0,49
71,7070774,7070961,-2.52106982562336,-2.25348144390789,0.7438884836814567,188
71,7070980,7071041,-2.22786132952961,-2.139614012267265,-1.0,62
71,7071176,7071336,-1.948885987732735,-1.719727781798515,0.5784969276197097,161
71,7071407,7071644,-1.620093995545235,-1.28133837750164,-1.0,238
71,7071680,7071724,-1.23152148577961,-1.167470945861015,-1.0,45
71,7071859,7072008,-0.976742921326485,-0.76324169781414,0.5484755928371297,150
71,7072030,7072159,-0.7333513197639849,-0.54831689312664,-0.9672629321079024,130
71,7072181,7072238,-0.51842675921711,-0.4358728013297651,-1.0,58
71,7072419,7072474,-0.17967114398273493,-0.09996386578289007,-1.0,56
71,7072563,7072743,0.02529028179851507,0.2829152846077349,0.4210691939622486,181
71,7072808,7072884,0.3740090317985151,0.4836064467171099,-1.0,77
71,7072886,7072894,0.4850297837516401,0.49783984515460994,-1.0,9
71,7072926,7073029,0.541963621642265,0.68999121234211,-1.0,104
71,7073458,7073461,1.299181883361015,1.304875245545235,-0.11633036468927108,4
71,7073463,7073612,1.306298582579765,1.519800050232735,-0.11633036468927108,150
71,7074027,7074169,2.109063719298515,2.312601808045235,0.3453545695909868,143
71,7074465,7074545,2.732488035704765,2.847778565857735,-1.0,81
71,7074654,7074796,3.0014997544547652,3.20503759906086,-0.33284041341520676,143
71,7074940,7075011,3.40857568218914,3.511056397888985,-1.0,72
71,7075223,7075259,3.811381590392265,3.86404541156086,-1.0,37
71,7075261,7075279,3.86546874859539,3.89251220843586,-1.0,19
71,7075341,7075433,3.979336180236015,4.11170703265461,0.5759121809644289,93
71,7075834,7075881,4.68104394390789,4.749364503357735,-1.0,48
71,7076138,7076276,5.11374023297039,5.311584718201485,-0.14763619912585205,139
71,7076343,7076423,5.40552538922039,5.520816163513985,-1.0,81
71,7076737,7076847,5.966322508361015,6.12431347796711,0.18869090856625442,111
71,7076850,7076867,6.12716015484539,6.15278027484211,0.18869090856625442,18
71,7076959,7077011,6.282304441954765,6.35774170062336,-1.0,53
71,7077139,7077206,6.538506102111015,6.63529345843586,-1.0,68
71,7077362,7077525,6.85591161968914,7.08933984515461,-0.5562177636167374,164
71,7077669,7077713,7.292877684142265,7.3569282240608596,-1.0,45
71,7077761,7077823,7.42382519390789,7.513495851013985,-1.0,63
71,7077836,7078069,7.530575926329765,7.86363818499836,-0.7552469347108147,234
71,7078083,7078181,7.88214160015789,8.023052491638985,-1.0,99
71,7078213,7078294,8.06717626812664,8.183890382263986,-1.0,82
71,7078443,7078557,8.39454492047039,8.55822949359211,0.09987191554581637,115
71,7079062,7079104,9.275593992736015,9.33679785296711,-1.0,43
71,7079126,7079282,9.36668798687664,9.59015283343586,-0.37188107289781724,157
71,7079478,7079520,9.86770458843914,9.928908448670235,-1.0,43
71,7080037,7080165,10.663353270079766,10.84696435687336,-0.10724127921086472,129
71,7080211,7080343,10.911014891173515,11.10031933734211,-1.0,133
71,7080472,7080524,11.28250732281414,11.35794433734211,-1.0,53
71,7080548,7080577,11.390681395079765,11.433381593201485,-1.0,30
71,7080580,7080637,11.436228270079765,11.51878222796711,-1.0,58
71,7080649,7080879,11.53443896343914,11.86323095843586,-0.37165705662927734,231
71,7080919,7080970,11.918741453673515,11.992755128357736,-1.0,52
71,7081243,7081293,12.379904539611015,12.452494874451485,-1.0,51
71,7081364,7081373,12.55212890484539,12.56636230609211,-0.25820022615421107,10
71,7081375,7081676,12.56778564312664,12.997635011170235,-0.25820022615421107,302
71,7081715,7081756,13.05172216656414,13.11150244281086,-1.0,42
71,7081759,7081763,13.11434911968914,13.12146582171711,-1.0,5
71,7081826,7081876,13.209713133361015,13.28230371234211,-1.0,51
71,7082324,7082355,13.918537840392265,13.964084718201486,0.3490412528332413,32
71,7082357,7082548,13.965508055236015,14.23879004046711,0.3490412528332413,192
71,7082560,7082685,14.25444677593914,14.433787843201484,-1.0,126
71,7082897,7082927,14.73411327984539,14.77823681781086,-1.0,31
71,7082929,7082938,14.77966015484539,14.79389355609211,-1.0,10
71,7082940,7082943,14.79531689312664,14.80101025531086,-1.0,4
71,7082962,7083012,14.82663036968914,14.899220948670235,-0.8687754147432806,51
71,7083056,7083287,14.960424559142265,15.29064013812336,0.08900720050430731,232
71,7083689,7083756,15.861400633361015,15.958187745545235,-1.0,68
71,7083773,7083847,15.98096142437664,16.08771191546711,-1.0,75
71,7083874,7084124,16.124718992736014,16.48197802874836,0.5240288164267826,251
71,7084127,7084141,16.48482470562664,16.50617480609211,0.5240288164267826,15
71,7084286,7084329,16.71113622906414,16.77376318499836,-0.7063325669812845,44
71,7084785,7085002,17.421384031798514,17.73167285296711,0.8917029731513153,218
71,7085269,7085340,18.110281981017266,18.21276269671711,-1.0,72
71,7085377,7085454,18.26400292828289,18.375023683045235,0.5138130841772056,78
71,7085456,7085585,18.376447020079766,18.56148144671711,0.5138130841772056,130
71,7085604,7085660,18.587101805236014,18.668232179138986,-1.0,57
71,7085738,7085781,18.77782958843914,18.840456788513986,-1.0,44
71,7086043,7086306,19.21194921734539,19.587711671326485,0.2996126512743038,264
72,7106044,7106064,-19.93977441546711,-19.90988427593914,-1.0,21
72,7106067,7106087,-19.90703759906086,-19.87714745953289,-1.0,21
72,7106118,7106424,-19.834447022888984,-19.39748095562664,-0.1266146557193383,307
72,7106728,7106782,-18.96620800921711,-18.88792431500164,-1.0,55
72,7106848,7106966,-18.795406983826485,-18.62602929547039,0.41301441779410775,119
72,7106978,7107026,-18.610372315857735,-18.540628660704765,-0.9363186831037976,49
72,7107289,7107346,-18.16771289202961,-18.085158934142264,-1.0,58
72,7107442,7107572,-17.94994140765461,-17.763483641173515,0.3634406728931567,131
72,7107636,7107689,-17.67381298968586,-17.596952391173517,-1.0,54
72,7108136,7108297,-16.96214160296711,-16.73156005718914,0.8883119036503937,162
72,7108364,7108410,-16.637619386170236,-16.570722410704764,-1.0,47
72,7108476,7108568,-16.47820507952961,-16.345834227111016,-1.0,93
72,7108662,7108716,-16.21346338031086,-16.135179441954765,-1.0,55
72,7108753,7108933,-16.083939210388984,-15.826314207579765,0.30067391543289224,181
72,7108966,7109047,-15.78076709124836,-15.66405322125164,-0.9654932207592353,82
72,7109193,7109235,-15.45766845843586,-15.396464598204766,-0.8036339524707816,43
72,7109290,7109383,-15.319604249451485,-15.18581005718914,-1.0,94
72,7109409,7109601,-15.150226319763984,-14.875521238829766,0.2912665121548557,193
72,7109814,7109857,-14.573772706482735,-14.51114550640789,-1.0,44
72,7110038,7110213,-14.25494384906086,-14.00443554547039,0.701735659074898,176
72,7110215,7110249,-14.00301220843586,-13.95319531109539,0.701735659074898,35
72,7110286,7110338,-13.901954835388985,-13.826517820861016,-1.0,53
72,7110931,7111047,-12.98389892718586,-12.817367918517265,0.33981058149822846,117
72,7111071,7111112,-12.78463086077961,-12.72485058453289,-1.0,42
72,7111187,7111272,-12.619523194763985,-12.49711572125164,-0.9064304558006987,86
72,7111605,7111747,-12.02456591937336,-11.82102783062664,0.5937227370264895,143
72,7112309,7112510,-11.02253271624836,-10.73501757672039,0.474720393620856,202
72,7112604,7112652,-10.602646729920234,-10.53290283062664,-0.9714251953053068,49
72,7112816,7112887,-10.30089795062336,-10.198417234923514,-0.7575296545419726,72
72,7112985,7113155,-10.06035302874836,-9.81696142437664,0.3075030996461249,171
72,7113177,7113295,-9.787071290467109,-9.617693602111014,-0.9354207653760878,119
72,7113335,7113380,-9.56218310687336,-9.49670947125164,-1.0,46
72,7113465,7113511,-9.377148683045235,-9.31025146343914,-0.9986452257031716,47
72,7113783,7113923,-8.924525636170236,-8.723834227111015,0.2592224525979193,141
72,7114300,7114353,-8.188657472107735,-8.111797117736016,-1.0,54
72,7114376,7114545,-8.08048339984211,-7.8385151353141405,0.8542238469611464,170
72,7114730,7114797,-7.57662011859211,-7.479832762267265,-1.0,68
72,7114897,7115189,-7.33892187640461,-6.921882566954765,-0.48366721810034047,293
72,7115376,7115429,-6.657140870545235,-6.58028027203289,-1.0,54
72,7115431,7115452,-6.57885693499836,-6.54754345562664,-1.0,22
72,7115557,7115600,-6.399515870545235,-6.33688867047039,-0.9345403794822597,44
72,7115613,7115808,-6.31980859515461,-6.04083349468914,0.0,196
72,7115834,7115886,-6.005249757263985,-5.929812742736015,-1.0,53
72,7115888,7115959,-5.928389405701485,-5.82590869000164,-1.0,72
72,7116600,7116715,-4.914969483826485,-4.7498615708610155,0.5299865632014314,116
72,7116886,7116927,-4.507893311951485,-4.448113035704765,-1.0,42
72,7116929,7116961,-4.446689698670235,-4.39971923687664,-1.0,33
72,7117117,7117168,-4.179101319763985,-4.10508740093914,-1.0,52
72,7117225,7117311,-4.025380128357735,-3.90154931500164,0.39913456792946317,87
72,7117313,7117404,-3.90012597796711,-3.769178465392265,0.39913456792946317,92
72,7117494,7117576,-3.64250097796711,-3.524363523986015,-1.0,83
72,7117600,7117668,-3.491626710388985,-3.39341601422039,-1.0,69
72,7117831,7117916,-3.16283447406086,-3.04042724468914,0.07098477138512298,86
72,7117918,7118024,-3.0390036635139848,-2.88670605328289,0.07098477138512298,107
72,7118262,7118335,-2.54937402484211,-2.444046629454765,-1.0,74
72,7118371,7118584,-2.39422949359211,-2.08963427593914,-0.02530901521988939,214
72,7118814,7118931,-1.763688722107735,-1.59573437359539,-1.0,118
72,7118970,7119049,-1.5416472182014849,-1.42777978375164,-1.0,80
72,7119109,7119344,-1.34380273577961,-1.007893797423515,0.3272175682479957,236
72,7119720,7119886,-0.4741403822639849,-0.23644213726726507,0.5136202443403056,167
72,7120074,7120114,0.02972289898601507,0.08808007952960993,-0.2898439519269687,41
72,7120128,7120185,0.10658349468914007,0.18913745257648493,-0.8376841124328462,58
72,7120407,7120460,0.503696043517265,0.58055664202961,-0.579710747273114,54
72,7120556,7120715,0.715774168517265,0.9435090346077349,0.13255640198000687,160
72,7120905,7121006,1.212520750548515,1.35770166156086,-1.0,102
72,7121117,7121317,1.514269285704765,1.80036132952961,-0.022391622237244155,201
72,7121708,7121842,2.35546484234539,2.5476162123421098,0.12001742264724873,135
72,7121863,7121925,2.57608300640789,2.665753663513985,-0.5820336936772688,63
72,7121994,7122051,2.762540770079765,2.84509472796711,-0.9835795605782895,58
72,7122054,7122071,2.84794140484539,2.87356152484211,-0.9835795605782895,18
72,7122167,7122220,3.008779051329765,3.08563964984211,-1.0,54
72,7122279,7122553,3.168193602111015,3.55961279437336,-0.6710882100081432,275
72,7122578,7122641,3.59377294781414,3.684866944763985,-1.0,64
72,7122675,7122729,3.731837156798515,3.81012109515461,-1.0,55
72,7122931,7123038,4.09621288922039,4.249933839295235,0.541500707095852,108
72,7123545,7123677,4.970145262267265,5.159449952576485,0.3711643968959361,133
72,7123971,7124171,5.57648925640789,5.86258105609211,-0.2617252482286948,201
72,7124444,7124528,6.24973046734539,6.370714601013985,-0.9484962915114856,85
72,7124799,7125019,6.75501708843914,7.06957568499836,-0.4583313010060085,221
72,7125103,7125195,7.187713133361015,7.32008398577961,-1.0,93
72,7125240,7125286,7.382711180236015,7.449608155701485,-0.7703182712122559,47
72,7125422,7125514,7.6417595200797654,7.77413037249836,0.05206523401412652,93
72,7125516,7125587,7.77555370953289,7.878034425232735,0.05206523401412652,72
72,7125706,7125754,8.04598876812664,8.115732667420234,-1.0,49
72,7126098,7126301,8.603939207579765,8.894301026795235,-0.2722583338200466,204
72,7126635,7126757,9.368274168517265,9.54334521624836,0.6175250484742022,123
72,7126806,7126808,9.611665770079766,9.615935792420235,-1.0,3
72,7126810,7126857,9.617359129454766,9.685679444763984,-1.0,48
72,7127014,7127059,9.907720945861016,9.97319482562336,-1.0,46
72,7127153,7127246,10.105565672423515,10.23935986468586,-0.8576345665667938,94
72,7127406,7127472,10.46567138531414,10.56103515765461,-1.0,67
72,7127484,7127626,10.576692137267266,10.78022998187336,0.15114105025802507,143
72,7127992,7127994,11.29974999859539,11.30402002093586,0.18098552188908631,3
72,7127996,7128187,11.30544335797039,11.578725343201485,0.18098552188908631,192
72,7128189,7128194,11.580148680236015,11.588688722107735,0.18098552188908631,6
72,7128379,7128430,11.850583738829766,11.924597413513984,-1.0,52
72,7128669,7128842,12.26335302593914,12.51101464984211,0.4815306042139764,174
72,7128868,7128935,12.546598387267265,12.643385499451485,-0.9433083369473446,68
72,7129006,7129049,12.74301952984539,12.805646729920236,-1.0,44
72,7129096,7129140,12.871120359923514,12.93517089984211,-1.0,45
72,7129386,7129571,13.28388964703289,13.548631593201485,0.6127682668280099,186
72,7129704,7129746,13.73651269390789,13.797716554138985,-1.0,43
72,7130061,7130115,14.24464599468914,14.322929933045234,-0.7415807975107092,55
72,7130184,7130387,14.41971728375164,14.71007910296711,0.9360142752941257,204
72,7130781,7130832,15.269452879454764,15.343466554138985,-1.0,52
72,7130963,7130995,15.528501219298516,15.575471436951485,-1.0,33
72,7130997,7131020,15.576894773986014,15.611054933045235,-1.0,24
72,7131081,7131307,15.69645556500164,16.019554444763983,0.14158860791402902,227
72,7131336,7131417,16.059407957579765,16.17612207171711,-0.6182033254335497,82
72,7131476,7131578,16.258676023986016,16.40528027484211,0.16162974577851735,103
72,7131580,7131648,16.40670361187664,16.504914308045237,0.16162974577851735,69
72,7131762,7131809,16.66575195172039,16.73407226702961,-0.4049668698154422,48
72,7131885,7131928,16.840822996642267,16.90345019671711,-0.7672148823754223,44
72,7131930,7131932,16.90487353375164,16.90914355609211,-0.7672148823754223,3
72,7131945,7132155,16.92622363140789,17.22654882952961,0.3411372846444136,211
72,7132186,7132226,17.269249266173514,17.327606202576487,-1.0,41
72,7132682,7132768,17.97522704937664,18.099057862732735,0.6442225219671167,87
72,7132770,7132839,18.100481199767266,18.20011523577961,0.6442225219671167,70
72,7132893,7132947,18.275552488829764,18.353836183045235,-1.0,55
72,7133183,7133230,18.68832177593914,18.756642335388985,-1.0,48
72,7133416,7133584,19.019960691954765,19.260505616638984,0.5836888349327372,169
72,7133755,7133796,19.502473875548514,19.562254151795234,-1.0,42
73,7157943,7158016,-19.962714112732733,-19.85738671734539,-1.0,74
73,7158300,7158361,-19.454580811951484,-19.36633349468914,-0.6113113829562165,62
73,7158449,7158603,-19.242502686951486,-19.021884520079766,0.6062846899037221,155
73,7158899,7159130,-18.60199853656086,-18.271782957579767,-0.05082357628043294,232
73,7159452,7159504,-17.81489013812336,-17.739452879454767,-0.6552439851858725,53
73,7159578,7159629,-17.63554882952961,-17.56153515484539,-0.5213618724250835,52
73,7159665,7159745,-17.511718018982734,-17.39642724468914,-0.7130396641244693,81
73,7159773,7159942,-17.35799707171711,-17.11602880718914,0.3858259674178706,170
73,7159972,7160022,-17.07475195452961,-17.002161375548514,-0.4248647528921807,51
73,7160058,7160160,-16.952344483826487,-16.805739988829764,-1.0,103
73,7160198,7160286,-16.753076417420235,-16.62639892437664,-0.924284073302062,89
73,7160350,7160540,-16.536728272888986,-16.264869871642265,0.11209580986384672,191
73,7160661,7160731,-16.09406884906086,-15.993011473204765,-1.0,71
73,7160853,7160952,-15.820786866638985,-15.678452635314141,-1.0,100
73,7161004,7161122,-15.60586230609211,-15.43648437359539,0.3861300726288405,119
73,7161124,7161205,-15.43506103656086,-15.318346922423515,0.3861300726288405,82
73,7161222,7161274,-15.295573487732735,-15.220136473204764,-1.0,53
73,7161428,7161536,-15.002364991638984,-14.84722070172039,-0.7159668348321369,109
73,7161638,7161819,-14.70346289202961,-14.44441454937664,0.49613951586815574,182
73,7161895,7161971,-14.337663819763986,-14.228066648986015,-0.6471713497024042,77
73,7162145,7162314,-13.981828370545236,-13.739860106017264,0.11649354480099891,170
73,7162431,7162539,-13.574752198670234,-13.41960790875164,-1.0,109
73,7162572,7162628,-13.37406103656086,-13.292930418517265,-1.0,57
73,7162854,7162958,-12.97267822406086,-12.823227293517265,0.5418749907555414,105
73,7163183,7163223,-12.504398683045235,-12.44604150250164,-0.42350456180377355,41
73,7163235,7163284,-12.43038476702961,-12.359217527892264,-0.9118748170395162,50
73,7163401,7163582,-12.19410986468586,-11.93506152203289,0.1643180992013028,182
73,7163814,7163857,-11.606269288513985,-11.543642332579765,-1.0,44
73,7163977,7164029,-11.37426464984211,-11.298827391173514,-0.5743266894725413,53
73,7164108,7164206,-11.18780664202961,-11.046895750548515,0.2078876800018567,99
73,7164208,7164268,-11.045472413513984,-10.95864843609539,0.2078876800018567,61
73,7164464,7164524,-10.68109668109211,-10.594272703673514,-0.7823554108229949,61
73,7164616,7164719,-10.46474853656086,-10.316720945861015,-1.0,104
73,7164801,7165001,-10.201430177185859,-9.91533837750164,0.13776124138784568,201
73,7165114,7165210,-9.75592382952961,-9.617859617736014,-1.0,97
73,7165445,7165508,-9.284797608826485,-9.19370361187664,-0.919842941108356,64
73,7165605,7165647,-9.057062745545235,-8.99585888531414,-1.0,43
73,7165677,7165718,-8.95458203265461,-8.894801512267264,-0.018851123859513503,42
73,7165827,7165964,-8.74108056781086,-8.544659422423514,0.46591480418850845,138
73,7165966,7165983,-8.543236085388985,-8.51761572125164,0.46591480418850845,18
73,7166009,7166083,-8.48203222796711,-8.375281492736015,-0.8792053401303754,75
73,7166376,7166531,-7.95966552874836,-7.7376240220328905,0.645631120185087,156
73,7166848,7166900,-7.28784765765461,-7.21241064312664,-1.0,53
73,7167137,7167142,-6.876501710388985,-6.867961668517265,0.6759515790153678,6
73,7167144,7167151,-6.866538331482735,-6.8551516099235155,0.6759515790153678,8
73,7167153,7167285,-6.853728272888985,-6.664423582579765,0.6759515790153678,133
73,7167310,7167400,-6.630263429138985,-6.50073925640789,-1.0,91
73,7167431,7167490,-6.45803906390461,-6.372638426329765,-1.0,60
73,7167511,7167653,-6.344171632263985,-6.140633543517265,-1.0,143
73,7167671,7167692,-6.116436768982735,-6.0851232896110155,0.44825702786736954,22
73,7167694,7167832,-6.0836999525764845,-5.885855223204765,0.44825702786736954,139
73,7167959,7168023,-5.70651416156086,-5.613996824767265,-1.0,65
73,7168302,7168354,-5.21830761859211,-5.142870359923515,-0.7867983798296334,53
73,7168369,7168589,-5.122943604920235,-4.80838476422039,0.0,221
73,7168611,7168735,-4.77849463031086,-4.600576902892265,-1.0,125
73,7168859,7168927,-4.425505616638985,-4.327295164611015,-1.0,69
73,7168952,7169002,-4.29313476702961,-4.22054443218914,-1.0,51
73,7169085,7169302,-4.103830323670235,-3.79354150250164,0.42768177931245754,218
73,7169325,7169391,-3.76222802874836,-3.666864012267265,-0.6470147858845445,67
73,7169620,7169811,-3.342342042420235,-3.06906005718914,0.2959178883807416,192
73,7169848,7169896,-3.01781982562336,-2.948075926329765,-0.5763586554702371,49
73,7170237,7170297,-2.464139405701485,-2.377315672423515,-0.8945423427294258,61
73,7170365,7170543,-2.28195166156086,-2.02717333843914,0.4305961194976981,179
73,7170599,7170664,-1.948889405701485,-1.854948973204765,-1.0,66
73,7170678,7170703,-1.83644531390461,-1.79943847515789,-1.0,26
73,7170705,7170730,-1.79801513812336,-1.76100829937664,-1.0,26
73,7170835,7170896,-1.612980714295235,-1.52473339703289,-0.8211353904504757,62
73,7170975,7171025,-1.413712647888985,-1.34112206890789,-0.46194718426770137,51
73,7171184,7171307,-1.116234132263985,-0.9397395005485151,0.6086909301084275,124
73,7171309,7171339,-0.938316163513985,-0.894192625548515,0.6086909301084275,31
73,7171417,7171462,-0.7845952162483599,-0.7191213364860151,-1.0,46
73,7171863,7172032,-0.1497844252327349,0.09218383929523494,-0.13258633770417855,170
73,7172034,7172073,0.09360717632976506,0.15054101702960992,-0.13258633770417855,40
73,7172454,7172497,0.69141113140789,0.754038331482735,-0.10662741130617603,44
73,7172500,7172699,0.756885008361015,1.0415534682014849,-0.10662741130617603,200
73,7172737,7172799,1.0942170396110151,1.18388769671711,-0.004022746642015987,63
73,7173004,7173060,1.47424951031414,1.5553801283577349,-1.0,57
73,7173349,7173477,1.96530273297039,2.14891406390461,0.20078466263718983,129
73,7173565,7173789,2.272744871642265,2.592996827576485,-1.0,225
73,7173932,7173979,2.795111570861015,2.86343213031086,-0.7880400026335763,48
73,7174029,7174211,2.93317577984539,3.19364746234211,-0.08656596217661923,183
73,7174598,7174700,3.743057859923515,3.88966211077961,0.4656840435557475,103
73,7174879,7174932,4.14301708843914,4.219877686951485,-1.0,54
73,7174972,7175025,4.275387938048515,4.35224853656086,-1.0,54
73,7175074,7175306,4.42056884625164,4.752207765076485,-0.5143236640635775,233
73,7175708,7175869,5.322968016173515,5.553549561951485,-0.6320295278734877,162
73,7175943,7176014,5.65745361187664,5.759934327576485,-0.2579876585943035,72
73,7176058,7176063,5.82113818218914,5.82967822406086,-1.0,6
73,7176065,7176112,5.83110156109539,5.89942187640461,-1.0,48
73,7176483,7176539,6.42605859234539,6.507189210388985,-1.0,57
73,7176577,7176641,6.559852781798515,6.65237011859211,-1.0,65
73,7176643,7176697,6.65379345562664,6.732077393982735,-1.0,55
73,7176792,7176929,6.86587158062664,7.06229297015461,0.007641945229149893,138
73,7176971,7177019,7.12064990093914,7.1903938002327346,-0.8383386246044032,49
73,7177086,7177164,7.284334227111015,7.39677832171711,-1.0,79
73,7177340,7177410,7.64586327984539,7.746920655701485,-1.0,71
73,7177513,7177660,7.89210156109539,8.10275634906086,0.2688471906985722,148
73,7177936,7177982,8.494175535704764,8.56107275531086,-1.0,47
73,7178109,7178207,8.740413816954765,8.88132470843586,0.02733813383459804,99
73,7178228,7178344,8.90979150250164,9.07632275531086,-1.0,117
73,7178665,7178775,9.53179247906414,9.689783448670235,0.19337989105817546,111
73,7178914,7178979,9.88620458843914,9.980145265076485,-0.637177239450021,66
73,7179039,7179125,10.06412255718914,10.187953370545236,-1.0,87
73,7179391,7179441,10.56513915875164,10.63772949359211,-1.0,51
73,7179487,7179595,10.701780027892266,10.85692431781086,0.5278820654819752,109
73,7179609,7179717,10.87542773297039,11.03057226702961,-1.0,109
73,7179883,7179925,11.26542382672039,11.32662744281086,-1.0,43
73,7180009,7180136,11.444764891173515,11.62695263812336,0.4563749418434108,128
73,7180212,7180258,11.733703367736014,11.80060058734211,-0.5657409773150951,47
73,7180273,7180324,11.82052734234539,11.894541261170234,-1.0,52
73,7180492,7180636,12.132239500548515,12.33862402484211,0.866662255406473,145
73,7180649,7180708,12.35570410015789,12.441104737732735,-1.0,60
73,7180726,7180816,12.465301512267265,12.59482568499836,-1.0,91
73,7181169,7181303,13.09584228375164,13.28799365374836,0.5692342096201223,135
73,7181443,7181578,13.485838133361016,13.679412843201485,-1.0,136
73,7181580,7181582,13.680836180236016,13.685106202576485,-1.0,3
73,7181761,7181894,13.938461180236015,14.129189210388985,0.3671312080308671,134
73,7181914,7181994,14.156232664611014,14.27152343890461,-0.5988976343222016,81
73,7182179,7182242,14.53341845562664,14.624512452576486,-1.0,64
73,7182314,7182452,14.725569578673515,14.923414308045235,0.10501994989040962,139
73,7182767,7182812,15.370343992736014,15.435817628357736,-1.0,46
73,7183048,7183104,15.77030322125164,15.851433839295234,-0.5489145075549992,57
73,7183145,7183369,15.908367430236016,16.22861963031086,0.4565597202787146,225
73,7183821,7183938,16.870547117736017,17.03850146624836,0.07193135852548313,118
73,7183950,7184018,17.05415820172039,17.152368897888984,-1.0,69
73,7184563,7184645,17.926667234923514,18.04480468890461,0.5823730418828115,83
73,7184647,7184690,18.04622802593914,18.108855226013986,0.5823730418828115,44
73,7184986,7185073,18.52874120953289,18.653995362732736,-1.0,88
73,7185239,7185451,18.888846922423514,19.19201904437336,-0.06331889454870229,213
73,7185480,7185539,19.23187255718914,19.317273194763985,-1.0,60
73,7185756,7185931,19.624715086486017,19.875223390076485,0.18295319757035539,176
74,7254028,7254074,-19.818835206482735,-19.751938231017267,-0.7375137599045314,47
74,7254122,7254167,-19.68504101702961,-19.61956738140789,-0.5957401504730575,46
74,7254341,7254388,-19.37332910296711,-19.305008543517264,-1.0,48
74,7254471,7254543,-19.18829443499836,-19.084390379454764,-0.2572651401040775,73
74,7254664,7254708,-18.91358935687336,-18.849538816954766,-0.8634547038805991,45
74,7254754,7254873,-18.785488526795234,-18.61468749859539,-0.35244034041457384,120
74,7254908,7254977,-18.566293702576484,-18.46665966656414,0.4596150259107676,70
74,7254979,7255141,-18.46523632952961,-18.233231688048516,0.4596150259107676,163
74,7255193,7255235,-18.16064111468586,-18.099437254454767,-0.7567409953683787,43
74,7255585,7255715,-17.602690675232736,-17.41623290875164,1.0,131
74,7255952,7256007,-17.080323976013986,-17.000616941954764,-1.0,56
74,7256125,7256342,-16.834085694763985,-16.523797117736017,0.6886904159012189,218
74,7256344,7256377,-16.522373780701486,-16.47397997906414,0.6886904159012189,34
74,7256481,7256554,-16.327375733826486,-16.22204833843914,-0.3689152960898481,74
74,7256590,7256717,-16.17223144671711,-15.99004345562664,-0.28552443479734824,128
74,7256886,7257089,-15.75092187640461,-15.46056005718914,1.0,204
74,7257111,7257273,-15.43066992327961,-15.19866503765789,-0.9119778146494347,163
74,7257299,7257363,-15.16308154437336,-15.070564207579766,-0.8781755656818298,65
74,7257384,7257494,-15.042097413513986,-14.884106199767265,-0.6700244931332072,111
74,7257515,7257544,-14.855639405701485,-14.812939207579765,0.9173806528366065,30
74,7257547,7257803,-14.810092530701485,-14.44429345562664,0.9173806528366065,257
74,7257839,7257889,-14.394476319763985,-14.321885984923515,-0.38492030506982805,51
74,7258053,7258104,-14.089881104920234,-14.01586718609539,-0.5504576373469411,52
74,7258106,7258130,-14.01444384906086,-13.97886035015789,-0.5504576373469411,25
74,7258147,7258187,-13.95608691546711,-13.897729734923516,-0.2075402991691907,41
74,7258214,7258266,-13.860722901795235,-13.785285887267266,-0.2506317274398277,53
74,7258411,7258524,-13.580324464295234,-13.41806347515789,0.9477677335411815,114
74,7258526,7258600,-13.416640138123359,-13.309889402892265,0.9477677335411815,75
74,7258700,7258748,-13.16897851702961,-13.099234617736014,-0.5509204474147575,49
74,7258763,7258927,-13.079307862732735,-12.844456297423514,-0.03337088378943066,165
74,7259096,7259178,-12.605334718201485,-12.48719726422039,-0.4780255053580157,83
74,7259219,7259521,-12.43026367327961,-11.99899072125164,0.3203032217725225,303
74,7259559,7259726,-11.94632714984211,-11.70720556500164,-0.5804657224032033,168
74,7259935,7260036,-11.411150147888986,-11.26596923687664,-0.03985281383528358,102
74,7260232,7260368,-10.988417481873359,-10.79341943218914,1.0,137
74,7260397,7260464,-10.75356591937336,-10.656778563048515,-0.29823896526642596,68
74,7260466,7260562,-10.655355226013985,-10.51729101422039,-0.29823896526642596,97
74,7260799,7260858,-10.181382081482734,-10.095981688048514,0.0,60
74,7260937,7261101,-9.98496093890461,-9.75010937359539,1.0,165
74,7261611,7261670,-9.02562793109211,-8.940227293517266,-0.8167467667829491,60
74,7262197,7262253,-8.191549073670235,-8.110418699767266,-0.49280361123580274,57
74,7262272,7262315,-8.08479834124836,-8.02217138531414,0.49583640923626415,44
74,7262367,7262524,-7.949580811951485,-7.72469286968914,1.0,158
74,7262565,7262605,-7.667759034607735,-7.609402098204765,-0.41030848987546226,41
74,7262624,7262688,-7.58378173968586,-7.49126464703289,-0.5041434271662998,65
74,7262690,7262718,-7.48984130999836,-7.448564207579765,-0.5041434271662998,29
74,7262791,7263065,-7.34608349749836,-6.954664305236015,0.7383824170420328,275
74,7263342,7263403,-6.56182177874836,-6.473574461486015,-0.6906216226884169,62
74,7263479,7263595,-6.366823976013985,-6.200292723204765,-0.7531771788990476,117
74,7263719,7263779,-6.02522168109211,-5.938397703673515,-0.1549357617182339,61
74,7263892,7264095,-5.77898339984211,-5.488621336486015,0.47245016996360556,204
74,7264160,7264209,-5.397527589295235,-5.3263603501578904,0.20375575184040876,50
74,7264319,7264401,-5.171216065857735,-5.05307861187664,-0.23023669876400266,83
74,7264520,7264564,-4.885124268982735,-4.82107372906414,-0.32394585161119427,45
74,7264582,7264640,-4.79687695452961,-4.712899656798515,-0.650809005129937,59
74,7264713,7264729,-4.61041894671711,-4.58622216656414,1.0,17
74,7264731,7264949,-4.58479882952961,-4.27308691265789,1.0,219
74,7264980,7265065,-4.230386476013985,-4.10797900250164,-0.7618114296097213,86
74,7265067,7265083,-4.10655566546711,-4.08235888531414,-0.7618114296097213,17
74,7265364,7265407,-3.683822999451485,-3.62119579937664,-0.09511438229979292,44
74,7265471,7265600,-3.53152539202961,-3.34649072125164,1.0,130
74,7265641,7265670,-3.28955713031086,-3.2468566880485152,-0.756265473990544,30
74,7265672,7265685,-3.245433351013985,-3.225506590392265,-0.756265473990544,14
74,7265830,7265890,-3.02054541156086,-2.933721434142265,-0.6825643851766005,61
74,7265958,7266008,-2.83835742327961,-2.765766844298515,-0.22774123474201566,51
74,7266135,7266256,-2.5864257826546098,-2.412778074767265,1.0,122
74,7266258,7266307,-2.411354737732735,-2.34018749859539,1.0,50
74,7266571,7266666,-1.965848390076485,-1.82920751812664,-0.6067754664471869,96
74,7266756,7266797,-1.702530030701485,-1.64274951031414,-0.275805042332491,42
74,7266883,7266927,-1.521765382263985,-1.457715086486015,-0.7294873573160346,45
74,7266945,7267012,-1.433518311951485,-1.33673095562664,0.002864644467589112,68
74,7267078,7267133,-1.244213624451485,-1.1645065903922651,-0.6095609668043037,56
74,7267155,7267246,-1.13461621234211,-1.003668699767265,-0.13568739109112166,92
74,7267415,7267438,-0.764547120545235,-0.730386961486015,-0.8016486197073339,24
74,7267440,7267517,-0.728963624451485,-0.61794286968914,-0.8016486197073339,78
74,7267539,7267603,-0.5880527357796099,-0.49553539898601506,-0.6479386270306213,65
74,7267653,7267842,-0.4257917494514849,-0.15535644390789008,1.0,190
74,7267872,7267920,-0.11407959124835994,-0.044335691954765076,-0.37554914770553954,49
74,7267970,7268035,0.02540795757976507,0.11934863421710994,-0.11075052341509742,66
74,7268037,7268060,0.12077197125164006,0.15493213031085992,-0.11075052341509742,24
74,7268253,7268299,0.42821386578289006,0.4951110853889849,-0.2123089142994007,47
74,7268313,7268473,0.513614500548515,0.742772706482735,1.0,161
74,7268843,7268895,1.267986082579765,1.34342334124836,-0.7400397865493402,53
74,7268979,7269123,1.461560789611015,1.6679453139046099,1.0,145
74,7269179,7269249,1.746229246642265,1.84728662249836,-0.7291749093610848,71
74,7269251,7269363,1.84870995953289,2.0095476088264848,-0.7291749093610848,113
74,7269430,7269483,2.10348827984539,2.180348878357735,-0.6905725759522192,54
74,7269846,7269983,2.695598875548515,2.89202002093586,1.0,138
74,7270061,7270114,3.0016174302360152,3.07847802874836,-0.015727660049761494,54
74,7270401,7270457,3.485553953673515,3.56668457171711,-0.30323559220156654,57
74,7271068,7271144,4.434923582579765,4.54452099749836,-1.0,77
74,7271287,7271369,4.746635496642265,4.86477295062336,-0.8396141437727512,83
74,7271384,7271505,4.88469970562664,5.05834765765461,-0.2771923240906721,122
74,7271526,7271577,5.08681445172039,5.160828370545235,-0.5270031025309493,52
74,7271849,7272177,5.54655419781414,6.01483398577961,-0.67058062330245,329
74,7272179,7272205,6.01625732281414,6.05468750140461,-0.67058062330245,27
74,7272404,7272510,6.33650927593914,6.488806886170235,-0.40016143667299015,107
74,7272622,7272716,6.646798094298515,6.78201562640461,-0.9541203540403074,95
74,7272752,7272783,6.83183251812664,6.87737939593586,-0.5772073523899668,32
74,7272785,7272869,6.878802977111015,6.999786866638985,-0.5772073523899668,85
74,7272881,7272921,7.01544384625164,7.07380078265461,-0.8955483974748294,41
74,7272975,7273050,7.149238035704765,7.25741211077961,-0.2446909385570966,76
74,7273067,7273177,7.28018554547039,7.438176515076485,-0.8141569281564657,111
74,7273281,7273346,7.58478076031414,7.678721436951485,-0.3216126522109384,66
74,7273372,7273412,7.714304930236015,7.77266211077961,0.0022322038473990774,41
74,7273429,7273515,7.79543554547039,7.919266358826485,-0.9837881283604164,87
74,7273722,7273812,8.212474852111015,8.34199902484211,-0.18711795078351384,91
74,7273911,7274013,8.481486570861016,8.628091065857735,-0.863723315739845,103
74,7274089,7274136,8.73484179547039,8.80316211077961,-0.41453009923843903,48
74,7274258,7274354,8.975386473204765,9.113450929138985,-0.5245814875372761,97
74,7274516,7274548,9.34260888531414,9.389579347107736,-0.8287076571990611,33
74,7274550,7274571,9.391002684142265,9.422316163513985,-0.8287076571990611,22
74,7274600,7274692,9.462169676329765,9.59454052874836,-0.04710253661915574,93
74,7275749,7275848,11.097590574767265,11.23992480609211,-0.26200522585921043,100
74,7275881,7275930,11.28547167828289,11.356638917420234,-0.2378982802181773,50
74,7275968,7276013,11.409302488829764,11.47477636859211,-0.9125709743390724,46
74,7276156,7276208,11.676890867736015,11.75232812640461,0.08517209463282512,53
74,7276778,7276870,12.56220995953289,12.69458105609211,-0.8095974769723326,93
74,7277028,7277088,12.918045652892266,13.00486963031086,-0.6053847662234833,61
74,7277106,7277163,13.02906640484539,13.111620362732735,-0.31394107948017347,58
74,7277193,7277261,13.152897215392265,13.25110791156086,-0.9459647995352451,69
74,7277410,7277451,13.46176269390789,13.52154297015461,-0.7121867106129931,42
74,7277559,7277643,13.673840574767265,13.79482470843586,-0.5614272418965178,85
74,7277720,7277824,13.902998777892265,14.05244970843586,-0.40179806351537906,105
74,7277826,7277874,14.053873289611015,14.123616944763985,-0.40179806351537906,49
74,7278069,7278211,14.399745359923514,14.603283448670235,0.9517489216736815,143
74,7278322,7278403,14.75985107281414,14.876565186951485,-0.8323001060368023,82
74,7278439,7278562,14.92638232281414,15.102876710388985,-0.35451666380357655,124
74,7278577,7278643,15.122803465392264,15.21816748187336,0.00791806279783419,67
74,7278712,7278714,15.314954832579765,15.319224854920234,0.634420844224953,3
74,7278716,7279067,15.320648191954765,15.821664796326486,0.634420844224953,352
74,7279080,7279174,15.838744871642264,15.97396240374836,-0.7354580591922536,95
74,7279326,7279555,16.18888720562664,16.51625586077961,0.9200550501219696,230
74,7279573,7279628,16.540452879454765,16.620159913513984,-0.6955789543816382,56
74,7279705,7279822,16.72833398297039,16.896288331482737,-0.5034617718247829,118
74,7279841,7279913,16.92190869000164,17.025812745545235,-0.8120130585541157,73
74,7279978,7280288,17.116906492736014,17.559566163513985,1.0,311
74,7280337,7280433,17.627886473204764,17.765950929138985,-0.45015848585411383,97
74,7280750,7280795,18.21572704937664,18.281200929138986,-0.4886954617890641,46
74,7280820,7281000,18.315361082579766,18.572986085388983,1.0,181
74,7281064,7281184,18.66265673687664,18.834881104920235,-0.4323823023909568,121
74,7281255,7281304,18.93451513531414,19.005682374451485,-1.0,50
74,7281488,7281529,19.266154051329764,19.325934327576483,-0.5571985073095823,42
74,7281662,7281671,19.513815672423515,19.528049073670235,-0.5687457253657338,10
74,7281673,7281735,19.529472410704766,19.619142823670234,-0.5687457253657338,63
74,7281895,7282003,19.845454344298513,20.0,1.0,109
75,7303451,7303508,-19.999971436951483,-19.91741747906414,-1.0,58
75,7303553,7303605,-19.854790284607734,-19.779353270079763,0.16640838691049764,53
75,7303607,7303798,-19.777929933045236,-19.504648191954765,0.16640838691049764,192
75,7304106,7304171,-19.067681886170234,-18.97374120953289,-0.7116884952127234,66
75,7304267,7304321,-18.838523683045235,-18.760239988829763,-0.745733205989837,55
75,7304426,7304620,-18.612212159607736,-18.334660398986014,0.2404605970739068,195
75,7304633,7304683,-18.317580323670235,-18.24498974468914,-0.6153677070315423,51
75,7304720,7304779,-18.19374951312336,-18.108348875548515,-0.9433676015008824,60
75,7304894,7304940,-17.94608789202961,-17.87919091656414,-0.011630246727604295,47
75,7305137,7305390,-17.600215577576485,-17.23868652203289,0.209109817052009,254
75,7305393,7305397,-17.23583984515461,-17.22872314312664,0.209109817052009,5
75,7305440,7305520,-17.16894287249836,-17.053652098204765,-0.8422137344035391,81
75,7305576,7305622,-16.97536816546711,-16.90847119000164,-1.0,47
75,7306065,7306198,-16.279353761170235,-16.088625731017267,0.397761683593348,134
75,7306256,7306315,-16.00749511859211,-15.92209472515789,-0.44233080508769457,60
75,7306676,7306742,-15.40969140765461,-15.314327391173515,-0.8041602017903808,67
75,7306760,7306926,-15.290130616638985,-15.052432371642265,0.5958526380092479,167
75,7306994,7307051,-14.95706836077961,-14.874514402892265,-1.0,58
75,7307346,7307496,-14.45605175921711,-14.241126951720391,0.8964761857805954,151
75,7307539,7307600,-14.18134668109211,-14.093099363829765,-0.8077050057815076,62
75,7307645,7307687,-14.03047216937336,-13.96926855328289,-1.0,43
75,7307857,7307914,-13.72872363421711,-13.646169676329764,-0.7224548211567359,58
75,7308245,7308298,-13.176466554138985,-13.099606199767265,-0.4283808486427033,54
75,7308362,7308511,-13.00993554827961,-12.79643408062664,0.6972065842519533,150
75,7308691,7308743,-12.54165576312336,-12.46621874859539,-0.9322416903475932,53
75,7308989,7309361,-12.117499757263985,-11.586593016173515,0.18508741924308908,373
75,7309422,7309570,-11.50119238421711,-11.28911425640789,-0.5318569539525716,149
75,7309616,7309684,-11.22506396624836,-11.126853270079765,-1.0,69
75,7309738,7309783,-11.05141601702961,-10.98594238140789,-0.8033269081054695,46
75,7309801,7309976,-10.96174560687336,-10.71123730328289,0.5481738101873777,176
75,7310026,7310072,-10.641493409607735,-10.57459619000164,-0.9685639171424145,47
75,7310093,7310143,-10.54612939593586,-10.47353906109539,-0.6324868034872585,51
75,7310145,7310177,-10.47211572406086,-10.425145262267264,-0.6324868034872585,33
75,7310199,7310278,-10.395255128357736,-10.28138769390789,-0.7251282732032996,80
75,7310298,7310364,-10.25434423968586,-10.158980223204765,-1.0,67
75,7310393,7310491,-10.119126710388985,-9.97821581890789,-0.8027073555650154,99
75,7310677,7310736,-9.714897218201484,-9.629496824767266,0.34683279074425044,60
75,7310738,7310880,-9.628073487732735,-9.424535398986015,0.34683279074425044,143
75,7310947,7311139,-9.33059472796711,-9.05588964703289,-0.7601480150190284,193
75,7311201,7311423,-8.969065675232734,-8.651660398986015,0.045783076701976635,223
75,7311739,7311794,-8.203307374451486,-8.123600340392265,-0.8836755097120372,56
75,7312021,7312208,-7.80192480609211,-7.53433642437664,0.9823103947222916,188
75,7312222,7312334,-7.51583300921711,-7.35499511578289,-1.0,113
75,7312464,7312532,-7.171384034607735,-7.07317333843914,-1.0,69
75,7312534,7312568,-7.07175000140461,-7.02193310406414,-1.0,35
75,7312852,7312910,-6.61912695452961,-6.53514990093914,-0.9801785781259239,59
75,7313095,7313111,-6.27325488421711,-6.249057859923515,0.0,17
75,7313113,7313354,-6.247634522888985,-5.903185789611015,0.0,242
75,7313542,7313607,-5.637020753357735,-5.54308007672039,-1.0,66
75,7313731,7313918,-5.36800879046711,-5.10042040875164,0.25164141083658287,188
75,7313978,7314037,-5.01644336077961,-4.931042723204765,-0.7277612165449061,60
75,7314123,7314186,-4.81005859515461,-4.718964598204765,-0.2369042650666776,64
75,7314535,7314739,-4.223641358826485,-3.931856199767265,0.8356580263774023,205
75,7314896,7314957,-3.709814698670235,-3.62156738140789,-0.8226091736119053,62
75,7314987,7315060,-3.58029052874836,-3.474963133361015,-1.0,74
75,7315234,7315438,-3.2287248549202348,-2.936939695861015,0.22735080837109595,205
75,7315458,7315483,-2.90989599749836,-2.87288915875164,-1.0,26
75,7315485,7315508,-2.87146582171711,-2.83730566265789,-1.0,24
75,7315522,7315582,-2.81880224749836,-2.731978270079765,-0.9624213897415301,61
75,7315617,7315800,-2.683584718201485,-2.4216896958610152,-0.8865567924276495,184
75,7315861,7315920,-2.33628906390461,-2.250888426329765,-1.0,60
75,7316076,7316093,-2.030270265076485,-2.004650145079765,0.2718014663871237,18
75,7316096,7316277,-2.001803468201485,-1.742755125548515,0.2718014663871237,182
75,7316358,7316403,-1.62888769671711,-1.56341406109539,-0.6981077135185421,46
75,7316505,7316557,-1.41965625140461,-1.3442192368766401,-0.4362341120111435,53
75,7316625,7316667,-1.248855226013985,-1.187651609923515,-0.35119930379909636,43
75,7317316,7317368,-0.2653254408577349,-0.18988818218914008,-0.9611944422908021,53
75,7317433,7317625,-0.09879443499835994,0.17591064593585992,0.19723353336259727,193
75,7317779,7317966,0.39368212750164006,0.66127050921711,-0.6997181436780385,188
75,7318069,7318291,0.80645165875164,1.12385693499836,0.2685614290879919,223
75,7318451,7318473,1.35016845562664,1.38290527484211,-1.0,23
75,7318475,7318541,1.38432861187664,1.479692628357735,-1.0,67
75,7318572,7318596,1.5223928208610151,1.55797656390461,-1.0,25
75,7318598,7318621,1.55939990093914,1.59356005999836,-1.0,24
75,7318711,7318855,1.720237547423515,1.926622315857735,0.2611713629073246,145
75,7318858,7318864,1.9294689927360151,1.939432374451485,0.2611713629073246,7
75,7319345,7319491,2.62263671734539,2.83186816546711,0.38150409974485616,147
75,7319575,7319656,2.9500056138297652,3.06671972796711,-0.808452239796395,82
75,7319658,7319704,3.06814306500164,3.13504004046711,-0.808452239796395,47
75,7320152,7320227,3.77127441265789,3.87944824359211,0.3107528860978961,76
75,7320229,7320240,3.88087158062664,3.897951905701485,0.3107528860978961,12
75,7320242,7320326,3.899375242736015,4.02035937640461,0.3107528860978961,85
75,7320351,7320406,4.05451952984539,4.13422656390461,-0.8816651883934081,56
75,7320409,7320495,4.13707324078289,4.260904054138985,-0.8816651883934081,87
75,7320555,7320612,4.34488134625164,4.427435304138985,-0.5915424762701186,58
75,7320628,7320780,4.448785398986015,4.666556886170235,-0.8567380883079514,153
75,7320798,7320847,4.690753660704765,4.76192089984211,-1.0,50
75,7320871,7320916,4.79465771343914,4.86013134906086,-0.7120042097250548,46
75,7321034,7321106,5.02666259625164,5.130566651795235,-0.5798658198661117,73
75,7321192,7321367,5.25155077984539,5.50205908343586,0.2168215248708854,176
75,7321385,7321459,5.52625585797039,5.633006593201485,-0.5411859411607977,75
75,7321955,7322091,6.33756103375164,6.53255908343586,0.41789929704410556,137
75,7322316,7322364,6.85138769390789,6.921131593201485,-1.0,49
75,7322481,7322546,7.08623925640789,7.180179933045235,-0.870907452074694,66
75,7322645,7322799,7.31966747906414,7.54028564593586,0.09377745035207079,155
75,7322956,7323040,7.76232714703289,7.883311280701485,-0.6192625914518063,85
75,7323229,7323355,8.150899656798515,8.33166406390461,-0.9575825480842405,127
75,7323382,7323459,8.368671141173515,8.47969189593586,0.3062098924684656,78
75,7323461,7323500,8.48111523297039,8.53804882952961,0.3062098924684656,40
75,7323647,7323689,8.74585693218914,8.80706054827961,-0.7480336662324385,43
75,7323749,7323791,8.891037840392265,8.952241456482735,-0.7063749257356189,43
75,7323793,7323817,8.953664793517264,8.98924853656086,-0.7063749257356189,25
75,7324277,7324344,9.642562742736015,9.73935009906086,-1.0,68
75,7324443,7324684,9.878837645079765,10.22328662249836,-0.15824803764407808,242
75,7324788,7324867,10.369890867736014,10.48375830218586,-1.0,80
75,7324869,7324958,10.48518163922039,10.613282472107734,-1.0,90
75,7325412,7325551,11.25805663922039,11.45732470843586,0.591210313465484,140
75,7325735,7325818,11.71779638531414,11.837357179138985,-0.67726577950244,84
75,7325892,7326163,11.941261229064141,12.328410401795235,-0.1922993061007744,272
75,7326245,7326310,12.44370117047039,12.53764160296711,-1.0,66
75,7326410,7326454,12.67855273297039,12.74260302874836,-0.7312256059183047,45
75,7326581,7326733,12.92194433453289,13.139715577576485,0.7195246040920473,153
75,7326878,7326931,13.344677000548515,13.42153759906086,-0.40290150833570104,54
75,7327106,7327150,13.66919921734539,13.73324951312336,-0.9788122629657598,45
75,7327257,7327339,13.884123777892265,14.00226123187336,-1.0,83
75,7327341,7327345,14.00368456890789,14.01080127093586,-1.0,5
75,7327550,7327724,14.301163328673516,14.550248292420235,0.6567161582465989,175
75,7327848,7327903,14.72531933453289,14.805026612732735,-0.7189414396693826,56
75,7327915,7327960,14.820683348204765,14.886156983826485,-0.9367701043291048,46
75,7327973,7328017,14.90323730328289,14.96728759906086,-1.0,45
75,7328040,7328150,14.99860107281414,15.15659228656086,-0.8885683192434066,111
75,7328417,7328540,15.535201414611015,15.71169580218586,0.4127516764790708,124
75,7328542,7328643,15.71311913922039,15.858300050232735,0.4127516764790708,102
75,7328962,7329010,16.310923094298516,16.380666749451485,-1.0,49
75,7329349,7329580,16.861756590392265,17.19197216937336,0.7477804478904374,232
75,7329633,7329704,17.265986082579765,17.368466554138983,-1.0,72
75,7329841,7329886,17.562041258361013,17.62751513812336,-0.9852472632894445,46
75,7330045,7330091,17.852403074767263,17.91930029437336,-0.4829526084355911,47
75,7330124,7330322,17.96484716656414,18.248092530701484,0.11659195205224536,199
75,7330324,7330380,18.249515867736015,18.330646241638984,0.11659195205224536,57
75,7330434,7330493,18.40608349468914,18.491484132263984,-0.8299746167510653,60
75,7330621,7330662,18.67224853375164,18.73202880999836,-0.9956527498377827,42
75,7330864,7330958,19.018120848204767,19.15333838031086,-0.7418835072665424,95
75,7331060,7331230,19.297095945861017,19.540487550232736,0.6429751293834641,171
75,7331261,7331364,19.583187742736015,19.731215577576485,-0.43236176046418506,104
75,7331426,7331512,19.818039305236017,19.94187011859211,-0.4922545140864756,87
75,7331514,7331536,19.94329345562664,19.976030518982736,-0.4922545140864756,23
76,7401645,7401646,-20.0,-19.997416258361014,-1.0,2
76,7401683,7401730,-19.94617578265461,-19.87785546734539,-0.33940760226222694,48
76,7401929,7402170,-19.596033448670234,-19.251584715392266,0.7863353322378354,242
76,7402503,7402594,-18.779034913513986,-18.64808740093914,-0.29361958004707084,92
76,7402700,7402762,-18.498636476013985,-18.40896581890789,-0.2950299385489525,63
76,7402811,7403040,-18.340645265076486,-18.013276609923516,1.0,230
76,7403271,7403334,-17.68590771624836,-17.594813719298514,-0.8968316503391383,64
76,7403390,7403644,-17.516530030701485,-17.15357763531414,0.6835194158641922,255
76,7403659,7403723,-17.13365088031086,-17.041133543517265,-0.49666215309243994,65
76,7403770,7403940,-16.97565966937336,-16.73226806500164,-0.5613248949849307,171
76,7404061,7404202,-16.561467042420237,-16.359352293517265,-0.41025002164332597,142
76,7404220,7404296,-16.335155518982734,-16.22555810406414,-1.0,77
76,7404394,7404465,-16.087493897888987,-15.98501318218914,-0.052350552400206404,72
76,7404513,7404657,-15.91811621234211,-15.71173144390789,0.22016219571613793,145
76,7404714,7404767,-15.632024171326485,-15.555163816954765,0.4236473140645524,54
76,7404785,7404943,-15.530967042420235,-15.304655516173515,0.9630057697028497,159
76,7405100,7405172,-15.082614015076485,-14.97870995953289,-0.41247974429576667,73
76,7405235,7405289,-14.890462647888985,-14.812178953673515,-1.0,55
76,7405321,7405414,-14.76805517718586,-14.634260984923515,-0.253955717837935,94
76,7405451,7405625,-14.583020753357735,-14.333935789611015,0.9135196936296824,175
76,7405686,7405728,-14.24853515765461,-14.18733154156414,-0.7220677484122376,43
76,7405791,7405843,-14.099084229920235,-14.02364697125164,-0.5678599009161333,53
76,7406021,7406072,-13.77171533343586,-13.69770165875164,-1.0,52
76,7406250,7406306,-13.44577002093586,-13.364639402892266,-0.29495103651762666,57
76,7406380,7406476,-13.26073535296711,-13.122671141173514,-0.9560745851909488,97
76,7406706,7406758,-12.796725831482735,-12.72128857281414,-0.42254120262048095,53
76,7406785,7407021,-12.68428173968586,-12.346949461486014,0.9629045886367573,237
76,7407072,7407132,-12.27578222796711,-12.18895849468914,-0.07882980365972433,61
76,7407153,7407216,-12.160491456482735,-12.069397703673514,0.21947349202331196,64
76,7407242,7407282,-12.03381396624836,-11.97545702984539,0.08721723357743932,41
76,7407383,7407450,-11.833122804138984,-11.73633544781414,-0.14972312968282947,68
76,7407514,7407636,-11.646664796326485,-11.47159374859539,0.029589142918186425,123
76,7407783,7407914,-11.26378564593586,-11.075904539611015,1.0,132
76,7407943,7407999,-11.03605078265461,-10.95492040875164,-0.16825881333766265,57
76,7408073,7408155,-10.851016358826485,-10.73287890484539,0.14480210921860315,83
76,7408177,7408360,-10.70298877093586,-10.441093504454765,-0.14629950832923627,184
76,7408377,7408455,-10.418320069763984,-10.30587597515789,-0.10451289937647809,79
76,7408551,7408612,-10.170658448670235,-10.082411375548515,0.2248306292352604,62
76,7408640,7408693,-10.04398095843586,-9.96712060406414,0.08651757840160328,54
76,7408825,7408934,-9.780662599060859,-9.624094969298515,1.0,110
76,7409007,7409050,-9.52161425921711,-9.45898730328289,-0.3746693124564809,44
76,7409080,7409154,-9.417710206482734,-9.31095947125164,-0.2523851209392686,75
76,7409156,7409159,-9.30953613421711,-9.30384277203289,-0.2523851209392686,4
76,7409228,7409315,-9.20705566546711,-9.081801512267266,-0.15094110234146535,88
76,7409590,7409736,-8.691805421326485,-8.48257421734539,0.9261920914334072,147
76,7409738,7409756,-8.48115088031086,-8.454107176329765,0.9261920914334072,19
76,7409775,7409811,-8.428487061951484,-8.375823484923515,-0.658105495598098,37
76,7409813,7409818,-8.374400147888984,-8.365860106017266,-0.658105495598098,6
76,7409973,7410035,-8.146665284607735,-8.05699462750164,-0.41367502219116986,63
76,7410054,7410118,-8.03137451312336,-7.938857176329765,-0.6738065321639448,65
76,7410188,7410314,-7.84064648577961,-7.659882078673515,-0.0964173777562066,127
76,7410430,7410474,-7.49619775531086,-7.432147215392265,-0.6608205305339913,45
76,7410532,7410607,-7.351016847107735,-7.24284277203289,-0.3001713384783282,76
76,7410640,7410688,-7.197295655701485,-7.127552000548515,0.32266876199677186,49
76,7411046,7411100,-6.619418702576485,-6.54113476422039,-0.38277831032675924,55
76,7411144,7411334,-6.479930909607735,-6.208072508361015,1.0,191
76,7411471,7411522,-6.01449804827961,-5.940484129454765,-0.36070011209263964,52
76,7411525,7411529,-5.937637452576485,-5.930520750548515,-0.36070011209263964,5
76,7411842,7411973,-5.486437745545235,-5.29855663922039,1.0,132
76,7412373,7412413,-4.730642823670235,-4.6722858872672655,0.10070333444179755,41
76,7412442,7412613,-4.632432374451485,-4.387617430236015,1.0,172
76,7412686,7412763,-4.28513672015461,-4.174115965392265,-0.4071144947154355,78
76,7412818,7412885,-4.09725537249836,-4.000468016173515,-1.0,68
76,7413101,7413289,-3.694449464295235,-3.425437742736015,0.9866684759314386,189
76,7413316,7413421,-3.38843066546711,-3.237556395079765,-0.725826008458633,106
76,7413434,7413514,-3.220476319763985,-3.10518554547039,-0.7422583763662907,81
76,7413626,7413694,-2.947194581482735,-2.84898388531414,-0.08071801926341664,69
76,7413796,7413847,-2.7052263197639848,-2.63121240093914,0.0,52
76,7413991,7414124,-2.427674561951485,-2.236946531798515,1.0,134
76,7414275,7414315,-2.023445069763985,-1.965088133361015,-0.6951013174063697,41
76,7414499,7414621,-1.704616456482735,-1.529545164611015,-0.2637461643115342,123
76,7414663,7414715,-1.471188233826485,-1.39575097515789,-0.32312812632769056,53
76,7414717,7414717,-1.39432763812336,-1.39290429547039,-0.32312812632769056,1
76,7414821,7414862,-1.246300050232735,-1.186519773986015,-0.16265384511480405,42
76,7414899,7415081,-1.13527929827961,-0.87480761578289,1.0,183
76,7415083,7415143,-0.87338427874836,-0.7865603013297651,1.0,61
76,7415167,7415239,-0.753823487732735,-0.6499194321891401,-0.7084758148715276,73
76,7415310,7415367,-0.5502856459358599,-0.46773168804851506,0.10662793604014907,58
76,7415515,7415568,-0.25850024554523493,-0.1816398911735151,-0.2810684455519359,54
76,7415657,7415659,-0.056385743592109926,-0.052115721251640074,1.0,3
76,7415661,7415797,-0.050692140076484926,0.1443056654671099,1.0,137
76,7415811,7415855,0.16280908062664007,0.22685962054523492,-0.06804780021608121,45
76,7415987,7416042,0.4133173814078901,0.4930246596077349,-0.37426932502284366,56
76,7416175,7416241,0.6809057603141401,0.776269776795235,-0.09610358772480597,67
76,7416310,7416515,0.87305712750164,1.16626562640461,0.8293686531040164,206
76,7416539,7416615,1.199002684142265,1.308599854920235,0.49731712459797234,77
76,7416630,7416687,1.32852685406414,1.41108056781086,-0.4174488042114766,58
76,7416690,7416698,1.41392724468914,1.42673730609211,-0.4174488042114766,9
76,7416762,7416769,1.516407957579765,1.527794679138985,0.5013002229154777,8
76,7416771,7416838,1.529218016173515,1.62600537249836,0.5013002229154777,68
76,7416840,7416926,1.62742870953289,1.751259522888985,0.5013002229154777,87
76,7416940,7416993,1.769762938048515,1.8466235365608599,-0.2080931997067646,54
76,7417264,7417343,2.230926023986015,2.34479345843586,-0.5958820691775725,80
76,7417395,7417439,2.41738378765789,2.481434327576485,-0.5944846646840078,45
76,7417539,7417635,2.62234521343914,2.760409425232735,1.0,97
76,7417649,7417718,2.778912840392265,2.87854687640461,-0.31369829105559943,70
76,7417861,7417938,3.08066161968914,3.191682374451485,-0.6794903560263238,78
76,7418243,7418304,3.62437841656414,3.712625733826485,-0.6413027852543608,62
76,7418326,7418445,3.742515867736015,3.913317140076485,0.808445643576187,120
76,7418547,7418563,4.05707470562664,4.08127148577961,-0.891210912705459,17
76,7418565,7418609,4.08269482281414,4.14674511859211,-0.891210912705459,45
76,7418621,7418696,4.162402098204765,4.270575929138985,-0.3650396431605646,76
76,7418721,7418835,4.30473632672039,4.468420655701485,-0.2825347208861035,115
76,7419075,7419315,4.80859960797039,5.151625245545235,0.7266688868006862,241
76,7419453,7419529,5.34662304547039,5.456220460388985,0.17912963741743693,77
76,7419922,7420083,6.01417089703289,6.244752198670235,0.7563356729688772,162
76,7420162,7420215,6.35577294781414,6.4326335463264845,-0.49276213651222955,54
76,7420235,7420277,6.459677000548515,6.52088086077961,-0.9059294447756409,43
76,7420459,7420537,6.77850585797039,6.890949952576485,-0.7037701622759358,79
76,7420558,7420750,6.919416746642265,7.194121827576485,0.6478369302473692,193
76,7420807,7420866,7.27382910015789,7.35922949359211,-0.6440646032115385,60
76,7420953,7421015,7.481636961486015,7.57130761859211,-0.7845781573481648,63
76,7421250,7421462,7.904369871642265,8.207541749451485,0.5785870620827,213
76,7421607,7421684,8.412503172423515,8.52352392718586,-0.5564434296206388,78
76,7422029,7422159,9.01315380718914,9.199611573670236,1.0,131
76,7422365,7422420,9.49139697125164,9.57110400531086,-0.41276685706415894,56
76,7422529,7422589,9.72482519390789,9.81164892718586,-0.1972180857205221,61
76,7422698,7422757,9.965369871642265,10.05077050921711,-0.35359539445469595,60
76,7422759,7422778,10.05219384625164,10.08066064593586,-0.35359539445469595,20
76,7422991,7423045,10.382409422423516,10.460693116638986,-0.30255278125361756,55
76,7423365,7423498,10.914739500548515,11.105467530701485,0.9886610621814514,134
76,7423673,7423761,11.353129148986016,11.47980664202961,0.3212334781725604,89
76,7423801,7423882,11.53531689312664,11.652031007263984,0.028089287948765272,82
76,7424076,7424329,11.926736082579765,12.28826513812336,0.9373504418506658,254
76,7424406,7424480,12.396439207579766,12.50318994281086,-0.16863045045566158,75
76,7424570,7424649,12.629867430236015,12.74373486468586,-0.2013756537819897,80
76,7425025,7425129,13.27748827984539,13.426939210388985,1.0,105
76,7425131,7425142,13.428362547423514,13.44544287249836,1.0,12
76,7425304,7425358,13.674600828673515,13.75288476702961,-0.17501406546391654,55
76,7425460,7425512,13.896642332579765,13.97207959124836,-0.5386757128809474,53
76,7425549,7425600,14.02331982281414,14.097333741638986,-0.8683057326746807,52
76,7425660,7425708,14.18131103375164,14.25105468890461,-0.10775756585139275,49
76,7425776,7425963,14.346418699767264,14.614007081482734,1.0,188
76,7425977,7426046,14.632510496642265,14.73214453265461,-0.9142922790399225,70
76,7426130,7426242,14.850281981017265,15.01111963031086,-1.0,113
76,7426418,7426589,15.26020458843914,15.50501953265461,1.0,172
76,7426611,7426738,15.534909910704766,15.71709765765461,-0.28214569366480635,128
76,7426887,7426917,15.92775244000164,15.97187597796711,-0.1894255644273357,31
76,7426919,7426945,15.97329931500164,16.01172949359211,-0.1894255644273357,27
76,7427070,7427154,16.18822411968914,16.309208253357735,-0.6576570165000768,85
76,7427177,7427226,16.340521727111014,16.41168896624836,-0.41883158420061434,50
76,7427244,7427299,16.43588574078289,16.51559277484211,-0.7680789911899271,56
76,7427387,7427572,16.639423582579767,16.90416552874836,0.8652047429763905,186
76,7427615,7427696,16.96394579937664,17.080659913513983,0.1145773323432319,82
76,7427892,7427948,17.358211668517264,17.43934228656086,-0.13959244818922076,57
76,7427972,7428025,17.47207910015789,17.548939698670235,-1.0,54
76,7428096,7428101,17.64857372906414,17.65711377093586,1.0,6
76,7428103,7428305,17.65853710797039,17.94747558734211,1.0,203
76,7428373,7428517,18.042839598204765,18.24922412249836,0.19644166050057787,145
76,7428532,7428636,18.269151121642263,18.41860205218586,-0.16766128272497444,105
76,7428766,7428973,18.602213133361015,18.89826855609211,1.0,208
76,7429130,7429226,19.120309813048515,19.258374268982735,-0.7096146003627782,97
76,7429627,7429747,19.827711180236015,19.999935792420235,1.0,121
77,7453789,7453906,-19.999483643982735,-19.831529051329763,0.5525323756358613,118
77,7454135,7454241,-19.507007081482733,-19.35470947125164,0.19124443664169205,107
77,7454243,7454246,-19.35328613421711,-19.34759277203289,0.19124443664169205,4
77,7454342,7454420,-19.21237500140461,-19.09993115093914,-0.5462994883246074,79
77,7454441,7454491,-19.071464112732734,-18.998873777892264,-0.5917622238555622,51
77,7454667,7454863,-18.749788819763985,-18.46939013531414,1.0,197
77,7454876,7454930,-18.45231005999836,-18.37402636578289,-0.35812782657420084,55
77,7455016,7455061,-18.253042237732735,-18.18756835797039,-0.3669381241578791,46
77,7455237,7455335,-17.93848339984211,-17.797572508361014,-0.300197924914681,99
77,7455390,7455422,-17.72071191546711,-17.67374169781414,0.7621836398847931,33
77,7455424,7455870,-17.67231836077961,-17.036084227111015,0.7621836398847931,447
77,7455938,7455978,-16.94072021624836,-16.88236327984539,-0.3686341343963362,41
77,7456070,7456117,-16.752839112732737,-16.68451855328289,-0.3158643236946887,48
77,7456559,7456762,-16.056824464295236,-15.766462645079764,0.9035213567266613,204
77,7456929,7457086,-15.530187745545234,-15.305299559142265,0.9662488296810381,158
77,7457307,7457384,-14.99216406390461,-14.881143309142265,-0.6639488679704851,78
77,7457427,7457440,-14.821363038513985,-14.801436277892265,-0.2584541966447766,14
77,7457442,7457542,-14.800012940857735,-14.65625536968914,-0.2584541966447766,101
77,7457600,7457660,-14.575124757263985,-14.48830077984539,-0.46418130342185965,61
77,7457683,7457803,-14.45698730609211,-14.284762938048514,1.0,121
77,7457805,7457898,-14.283339601013985,-14.149545164611014,1.0,94
77,7458096,7458141,-13.869146729920235,-13.803673094298516,-0.26733333858909825,46
77,7458368,7458410,-13.48199755999836,-13.42079394390789,-0.465622628576217,43
77,7458412,7458414,-13.41937060687336,-13.41510058453289,-0.465622628576217,3
77,7458554,7458657,-13.21725586077961,-13.069228270079766,1.0,104
77,7458675,7458851,-13.045031495545235,-12.793099852111014,-0.12564329589454995,177
77,7458873,7458923,-12.76320947406086,-12.69061913922039,-0.5612974612191585,51
77,7458968,7458994,-12.627991944763984,-12.589561766173516,-0.3353002709422223,27
77,7458996,7459054,-12.588138429138985,-12.50416113140789,-0.3353002709422223,59
77,7459075,7459115,-12.47569433734211,-12.417337156798515,-0.538829833836342,41
77,7459127,7459258,-12.401680421326486,-12.21379931500164,-0.2497212956825733,132
77,7459333,7459474,-12.108471925232735,-11.906357176329765,1.0,142
77,7459501,7459591,-11.869350343201486,-11.73982617047039,0.14547254196244963,91
77,7459593,7459597,-11.73840283343586,-11.73128613140789,0.14547254196244963,5
77,7459614,7459656,-11.70851269671711,-11.647308836486015,-0.19071164168405302,43
77,7459782,7459825,-11.46939111468586,-11.406763914611014,-0.6653088102093867,44
77,7459847,7459914,-11.376873780701485,-11.28008642437664,-0.6888518681974377,68
77,7459993,7460181,-11.169065675232735,-10.900053953673515,0.44423265454576555,189
77,7460183,7460245,-10.898630616638984,-10.80895995953289,0.44423265454576555,63
77,7460282,7460343,-10.75771972796711,-10.669472410704765,0.045971567315079384,62
77,7460682,7460777,-10.188382569763984,-10.05174169781414,1.0,96
77,7460779,7460851,-10.05031836077961,-9.94641454937664,1.0,73
77,7460869,7460916,-9.922217530701484,-9.853897215392266,-0.6056144117089372,48
77,7461172,7461227,-9.49094482562336,-9.411237547423514,-0.6150020751154696,56
77,7461382,7461434,-9.192042726013986,-9.116605711486015,-0.7518005955110102,53
77,7461447,7461627,-9.099525636170235,-8.841900633361014,1.0,181
77,7461721,7461773,-8.709529542420235,-8.634092527892266,0.25520321787490946,53
77,7461986,7462061,-8.33234375140461,-8.22416992047039,-0.5262350487382088,76
77,7462113,7462168,-8.151579347107734,-8.07187206890789,-0.6397139748846321,56
77,7462192,7462245,-8.03913525531086,-7.962274656798515,0.4572021777612842,54
77,7462331,7462430,-7.84129052874836,-7.698956297423515,-0.4233487593875528,100
77,7462559,7462609,-7.51676855609211,-7.444177977111015,-0.922281024538597,51
77,7462763,7462900,-7.22640673968586,-7.02998535015789,0.8757597616560848,138
77,7463031,7463147,-6.84495068499836,-6.678419676329765,-0.37026843644464336,117
77,7463159,7463288,-6.662762940857735,-6.477728270079765,-0.834939880364455,130
77,7463363,7463428,-6.372401124451485,-6.27846044781414,-1.0,66
77,7463539,7463677,-6.121892823670235,-5.924048094298515,1.0,139
77,7463799,7463839,-5.75182373187336,-5.693466551329765,-0.5170835734899267,41
77,7463956,7464016,-5.52835888812336,-5.441534910704765,-0.13764355126103256,61
77,7464141,7464188,-5.26504052874836,-5.196719969298515,0.30747072264809105,48
77,7464213,7464326,-5.162559815857735,-5.00029882672039,1.0,114
77,7464435,7464487,-4.84657763812336,-4.77114062359539,-0.06974608984290456,53
77,7464545,7464691,-4.690010011170235,-4.480778563048515,-0.23483003986969514,147
77,7464827,7464873,-4.28862744281086,-4.221730223204765,-0.4664773828618374,47
77,7465138,7465309,-3.84596777484211,-3.60115283062664,1.0,172
77,7465373,7465497,-3.511482179138985,-3.33356445172039,-0.28335337539200406,125
77,7465526,7465633,-3.29371093890461,-3.13998974468914,-0.014722683038493604,108
77,7465659,7465701,-3.10440625140461,-3.04320263531414,-0.42542781124689427,43
77,7465731,7465774,-3.001925538513985,-2.939298582579765,-0.4873094804249241,44
77,7465794,7465994,-2.912255128357735,-2.62616308453289,0.4962533034469056,201
77,7466151,7466208,-2.404121827576485,-2.32156786968914,0.6356306066121422,58
77,7466234,7466310,-2.28598437640461,-2.176386961486015,0.0,77
77,7466328,7466408,-2.15218994281086,-2.03689941265789,-0.42004994384780436,81
77,7466515,7466688,-1.88602490374836,-1.63836327984539,1.0,174
77,7466691,7466734,-1.63551660296711,-1.57288964703289,1.0,44
77,7467257,7467306,-0.82990478656086,-0.7587375474235151,-0.2375522371631828,50
77,7467345,7467382,-0.7046506361702349,-0.65056347515789,1.0,38
77,7467385,7467504,-0.6477167982796099,-0.4769157700797651,1.0,120
77,7467507,7467588,-0.47406909320148494,-0.3573549790641401,1.0,82
77,7467606,7467660,-0.3331582045296099,-0.2548742661735151,-0.32304280893001036,55
77,7467774,7467817,-0.09403662249835994,-0.031409422423515077,-0.12273399373232534,44
77,7467852,7467871,0.01698412945476507,0.04545092913898493,-0.0019035280405102857,20
77,7467874,7467900,0.04829760601726507,0.08672802874835993,-0.0019035280405102857,27
77,7467926,7468109,0.12231152203289007,0.38420654437335994,-0.2207040812180792,184
77,7468407,7468550,0.806939207579765,1.011900636170235,0.9451260981575762,144
77,7468562,7468631,1.027557371642265,1.12719140765461,-0.2580966726222886,70
77,7468765,7468831,1.3164960923453901,1.41185986468586,-0.013970001455948965,67
77,7468951,7469056,1.58123779156414,1.732112061951485,0.8474960764399664,106
77,7469058,7469063,1.733535398986015,1.742075440857735,0.8474960764399664,6
77,7469065,7469216,1.743498777892265,1.959846925232735,0.8474960764399664,152
77,7469417,7469481,2.244515379454765,2.33703271624836,-0.48326844379145284,65
77,7469588,7469675,2.487906981017265,2.61316113421711,-1.0,88
77,7469736,7469743,2.698561766173515,2.709948487732735,-0.999124685468886,8
77,7469745,7469831,2.711371824767265,2.83520263812336,-0.999124685468886,87
77,7470182,7470296,3.33337255718914,3.497056886170235,1.0,115
77,7470299,7470325,3.499903563048515,3.53833398577961,1.0,27
77,7470550,7470603,3.85716259625164,3.9340231947639848,-0.5325966504119752,54
77,7470637,7470677,3.980993406798515,4.03935058734211,-0.09250875276346125,41
77,7470758,7470806,4.15321777203289,4.222961671326485,-0.5388526859999487,49
77,7471115,7471275,4.661351316954765,4.89050927874836,1.0,161
77,7471444,7471489,5.12963085797039,5.195104737732735,-0.9165970946834345,46
77,7471598,7471709,5.3488256821891405,5.508239991638985,-0.36053773502202846,112
77,7471711,7471716,5.509663328673515,5.51820361468586,-0.36053773502202846,6
77,7471737,7471783,5.54667040875164,5.61356738421711,-0.8245067903322955,47
77,7471798,7471859,5.63349413922039,5.721741456482735,0.07740248911083722,62
77,7471876,7472021,5.744514891173515,5.952322999451485,0.5086641395690185,146
77,7472023,7472132,5.953746336486015,6.11031396624836,0.5086641395690185,110
77,7472283,7472326,6.32381542828289,6.386442628357735,-0.6609570123340892,44
77,7472579,7472610,6.745124754454765,6.79067187640461,-0.5003929656806382,32
77,7472612,7472686,6.79209521343914,6.898845948670235,-0.5003929656806382,75
77,7472708,7472763,6.928736082579765,7.00844336077961,-0.697648767219628,56
77,7472782,7472905,7.03406347515789,7.210557862732735,1.0,124
77,7472935,7473031,7.25183495953289,7.389899171326485,-0.2641354187970197,97
77,7473274,7473325,7.734347898986015,7.80836181781086,-1.0,52
77,7473420,7473481,7.942156004454765,8.03040332171711,-0.745813400736564,62
77,7473579,7473719,8.168467527892265,8.369158936951486,1.0,141
77,7473779,7473805,8.453135984923515,8.49156640765461,0.29956593879843035,27
77,7473807,7473823,8.49298974468914,8.51718652484211,0.29956593879843035,17
77,7473844,7473936,8.54565331890789,8.678024171326484,-0.03477220915431392,93
77,7474016,7474106,8.79046826031414,8.919992433045236,0.1776681751934187,91
77,7474162,7474231,8.99827636578289,9.09791015765461,0.2570786872055527,70
77,7474338,7474409,9.24878466656414,9.351265382263986,0.8770487995724372,72
77,7474411,7474506,9.352688719298515,9.48932959124836,0.8770487995724372,96
77,7474551,7474604,9.55195654156414,9.628817140076485,-1.0,54
77,7474684,7474755,9.74126122906414,9.84374170062336,0.019808440931272094,72
77,7475020,7475081,10.21950439312664,10.30775146624836,-0.1348957108118132,62
77,7475206,7475390,10.48424609234539,10.74756445452961,-0.09780317381210446,185
77,7475508,7475556,10.914095457579766,10.98383935687336,0.2483476535952733,49
77,7475882,7476103,11.446425535704766,11.76240771624836,0.7019957134780447,222
77,7476539,7476661,12.381561766173515,12.55663281390461,-0.4944032830963065,123
77,7476749,7476779,12.680463621642264,12.72458740374836,-0.7413367247214314,31
77,7476781,7476805,12.72601074078289,12.76159423968586,-0.7413367247214314,25
77,7476838,7477067,12.80714111187664,13.134510011170235,1.0,230
77,7477083,7477149,13.155860106017265,13.25122412249836,-0.29538792135342035,67
77,7477263,7477332,13.412061766173515,13.51169580218586,-0.9007412668036797,70
77,7477434,7477475,13.655453367736015,13.71523388812336,0.14430622280271974,42
77,7477585,7477650,13.870378172423514,13.96431884906086,-0.39877119073716755,66
77,7477707,7477874,14.04402587750164,14.28314746234211,1.0,168
77,7478335,7478396,14.93788525250164,15.02613232562336,-0.11313947229582769,62
77,7478420,7478471,15.058869383361015,15.132883058045236,-0.43810213995512687,52
77,7478538,7478579,15.22682372906414,15.28660400531086,-0.693681264039329,42
77,7478770,7478901,15.557039305236016,15.74492041156086,1.0,132
77,7478992,7479040,15.873021238829764,15.94276513812336,-0.8497059929526187,49
77,7479111,7479147,16.042399168517264,16.095062745545235,-0.4579318118310515,37
77,7479149,7479168,16.096486082579766,16.124952882263987,-0.4579318118310515,20
77,7479395,7479573,16.44662841656414,16.70140673968586,1.0,179
77,7479703,7479706,16.885017820861016,16.890711183045234,-1.0,4
77,7479708,7479717,16.892134520079765,16.90636816546711,-1.0,10
77,7479719,7479776,16.90779150250164,16.99034521624836,-1.0,58
77,7479896,7479948,17.15972314312664,17.23516015765461,-0.1507698153880945,53
77,7479975,7480021,17.272167234923515,17.339064210388987,-0.8633315772290161,47
77,7480140,7480293,17.50701855328289,17.72621338031086,-0.558432734577009,154
77,7480401,7480684,17.878510984923516,18.282740479920236,1.0,284
77,7480790,7480836,18.43219140484539,18.49908838031086,0.12275073491138566,47
77,7481012,7481348,18.74817333843914,19.22783984515461,0.6182490612869428,337
77,7481530,7481571,19.48546484234539,19.545245362732736,-0.5591239469532782,42
77,7481759,7481890,19.811410398986016,19.999291749451483,1.0,132
78,7553741,7553873,-19.856538819763983,-19.667234129454766,-0.29905399972019164,133
78,7553934,7554032,-19.58183349749836,-19.440922606017264,-0.47995683548692925,99
78,7554138,7554191,-19.29147168109211,-19.214611082579765,-0.36413735602175706,54
78,7554214,7554488,-19.183297608826486,-18.79187841656414,0.38224574348217777,275
78,7554490,7554528,-18.79045507952961,-18.73494482281414,0.38224574348217777,39
78,7554540,7554592,-18.719287843201485,-18.643850828673514,-0.2228591301276989,53
78,7554814,7554863,-18.32929199359211,-18.25812499859539,0.07338057245146731,50
78,7554978,7555018,-18.09586377093586,-18.03750683453289,-1.0,41
78,7555101,7555145,-17.920792726013985,-17.856742430236014,-1.0,45
78,7555157,7555544,-17.84108545062336,-17.28882861187664,1.0,388
78,7555561,7555688,-17.26605517718586,-17.08386718609539,-0.37883326037918813,128
78,7555690,7555737,-17.08244384906086,-17.01412353375164,-0.37883326037918813,48
78,7555792,7556198,-16.937262940857735,-16.35796240093914,-0.551385290481193,407
78,7556339,7556434,-16.158694581482735,-16.02205370953289,-0.4492638275487218,96
78,7556487,7556679,-15.948039796326485,-15.673334715392265,0.6667576814041282,193
78,7556762,7556825,-15.55662060687336,-15.465526609923515,-1.0,64
78,7556896,7556946,-15.36589257952961,-15.29330224468914,-0.6358622484951485,51
78,7556983,7557098,-15.242061768982735,-15.07695410015789,-0.3345202020480193,116
78,7557115,7557270,-15.05418066546711,-14.832139158751641,-0.4472301233028776,156
78,7557289,7557444,-14.80651904437336,-14.58447753765789,0.24036463524985238,156
78,7557457,7557515,-14.56739746234211,-14.483420164611015,-1.0,59
78,7557631,7557739,-14.31973584124836,-14.164591551329766,-0.2205925774410345,109
78,7557752,7557808,-14.147511476013985,-14.06638085797039,-0.19990873316788552,57
78,7557826,7557877,-14.04218408343586,-13.968170164611015,-0.4551456154014344,52
78,7557892,7557939,-13.948243409607734,-13.87992285015789,-0.5534788584480653,48
78,7558050,7558054,-13.723355226013984,-13.716238523986014,1.0,5
78,7558056,7558187,-13.714815186951485,-13.526933836486014,1.0,132
78,7558259,7558359,-13.425876710388986,-13.28211913922039,-0.4876189740259237,101
78,7558524,7558606,-13.04869091937336,-12.930553465392265,-0.5217882360432093,83
78,7558730,7558755,-12.755482179138985,-12.718475340392265,-0.6601983759795889,26
78,7558757,7558842,-12.717052003357734,-12.59464452984539,-0.6601983759795889,86
78,7558859,7558919,-12.57187109515461,-12.485047117736014,0.7104928163806916,61
78,7558921,7559319,-12.483623780701485,-11.91570995953289,0.7104928163806916,399
78,7559354,7559396,-11.86731640765461,-11.80611279156414,-1.0,43
78,7559545,7559635,-11.59545800921711,-11.465933836486014,-0.36343700983852223,91
78,7559710,7559791,-11.36060644671711,-11.243892332579765,-0.7361404348667284,82
78,7559807,7559811,-11.222542237732736,-11.215425535704766,1.0,5
78,7559813,7560020,-11.214002198670235,-10.91794677593914,1.0,208
78,7560155,7560397,-10.727218995545234,-10.38134667828289,-0.7840329412968972,243
78,7560534,7560584,-10.18777197406086,-10.11518163922039,-0.851732338016857,51
78,7560645,7560773,-10.029781007263985,-9.84616992047039,1.0,129
78,7560883,7560967,-9.69102539202961,-9.57004150250164,-0.5536232728203303,85
78,7561143,7561241,-9.320956300232735,-9.18004540875164,-0.5975440052706924,99
78,7561289,7561360,-9.11314843890461,-9.010667723204765,-0.7982508588797591,72
78,7561376,7561466,-8.989317628357735,-8.85979345562664,-1.0,91
78,7561486,7561543,-8.83275000140461,-8.750196043517265,-0.21159171726402304,58
78,7561561,7561759,-8.725999268982735,-8.44275390484539,0.8515142039403745,199
78,7561860,7562056,-8.300419679138985,-8.020021238829765,-0.28692005626339057,197
78,7562149,7562182,-7.88907373187336,-7.84068017437664,0.8954573816612716,34
78,7562185,7562347,-7.837833253357735,-7.60582861187664,0.8954573816612716,163
78,7562362,7562445,-7.5859016127327346,-7.466341063048515,-0.09061728525434759,84
78,7562468,7562517,-7.43502734515461,-7.36386035015789,-0.637243645653333,50
78,7562803,7563038,-6.95820752093586,-6.62229882672039,0.5768455780168416,236
78,7563129,7563207,-6.494197999451485,-6.38175390484539,-0.9144060299231943,79
78,7563239,7563339,-6.337630128357735,-6.19387255718914,-0.6817145463695011,101
78,7563517,7563814,-5.94194091937336,-5.517784910704765,0.25506735362137484,298
78,7563928,7563994,-5.356947022888985,-5.261583250548515,0.0,67
78,7563997,7564070,-5.258736573670235,-5.15340917828289,0.0,74
78,7564170,7564270,-5.012498292420235,-4.86874072125164,-0.6186995088820124,101
78,7564288,7564541,-4.844543702576485,-4.48301464703289,0.5883333826179276,254
78,7564687,7564739,-4.276630128357735,-4.20119286968914,-0.3400176523004403,53
78,7564789,7564831,-4.13144922015461,-4.070245359923515,-0.7354345914457137,43
78,7564844,7564907,-4.053165284607735,-3.96207128765789,-0.8186386248646131,64
78,7564910,7564916,-3.95922461077961,-3.94926122906414,-0.8186386248646131,7
78,7564992,7565173,-3.842510499451485,-3.583462156798515,1.0,182
78,7565204,7565359,-3.540761964295235,-3.318720457579765,-0.5099805247474669,156
78,7565464,7565522,-3.17069287249836,-3.086715574767265,-1.0,59
78,7565609,7565650,-2.96430810687336,-2.90452783062664,-1.0,42
78,7565674,7565746,-2.871790772888985,-2.767886961486015,-0.8293249917552714,73
78,7565748,7565752,-2.76646338031086,-2.75934667828289,-0.8293249917552714,5
78,7565887,7566054,-2.568618897888985,-2.329497313048515,1.0,168
78,7566121,7566178,-2.23555664202961,-2.15300292828289,-0.3870452959534179,58
78,7566344,7566392,-1.9181513685921099,-1.848407469298515,0.006668819731543717,49
78,7566463,7566543,-1.74877343890461,-1.633482664611015,-0.20696994849307235,81
78,7566559,7566639,-1.612132569763985,-1.49684179547039,-0.4353191232046881,81
78,7566702,7566754,-1.40859472796711,-1.333157469298515,-1.0,53
78,7566768,7566933,-1.314654054138985,-1.078379148986015,0.9201401808617264,166
78,7566936,7566987,-1.075532472107735,-1.00151855328289,0.9201401808617264,52
78,7567147,7567192,-0.77520703265461,-0.7097333970328901,-1.0,46
78,7567460,7567536,-0.3297009291389849,-0.22010351422039007,1.0,77
78,7567539,7567621,-0.21725683734210993,-0.09911938336101507,1.0,83
78,7567644,7567693,-0.06780590960773493,0.003361329529609928,-0.3460855225382871,50
78,7567749,7567815,0.08164526226726507,0.17700903460773493,-1.0,67
78,7567875,7567926,0.26098632672039007,0.33500024554523494,0.13581277680652923,52
78,7567967,7568030,0.3919338364860151,0.4830278334358599,-0.2806408509676929,64
78,7568318,7568606,0.8915270982047651,1.30287304827961,0.3148926096662961,289
78,7568633,7568719,1.339880125548515,1.46371093890461,-0.4980200148181439,87
78,7568721,7568724,1.46513427593914,1.47082763812336,-0.4980200148181439,4
78,7568803,7568926,1.581848387267265,1.7583427748421099,-0.616262804554167,124
78,7569084,7569281,1.98180761578289,2.26362939593586,0.831964973481513,198
78,7569476,7569480,2.5397578110953902,2.54687451312336,-1.0,5
78,7569482,7569525,2.54829785015789,2.610925050232735,-1.0,44
78,7569709,7569841,2.8713967271110152,3.060701417420235,-0.41046398591896877,133
78,7570004,7570147,3.29128271343914,3.4962441420296098,0.978307444324875,144
78,7570166,7570218,3.52186425640789,3.597301515076485,-0.3555337303864654,53
78,7570332,7570391,3.75813915875164,3.843539796326485,-0.635343881431295,60
78,7570546,7570787,4.062734617736015,4.407183351013985,0.02764899435432548,242
78,7570801,7570852,4.42568701031414,4.49970068499836,-0.2143549259193593,52
78,7570943,7571000,4.627801512267265,4.71035547015461,-1.0,58
78,7571176,7571219,4.95944042828289,5.02206738421711,-0.8385864739140971,44
78,7571293,7571403,5.125971434142265,5.283962647888985,1.0,111
78,7571469,7571586,5.376479734923515,5.544434327576485,-0.7865968485917731,118
78,7572139,7572190,6.330119383361015,6.40413330218586,-0.5217980202840471,52
78,7572219,7572284,6.44398681500164,6.537927491638985,0.8114060438676752,66
78,7572287,7572359,6.540774168517265,6.64467822406086,0.8114060438676752,73
78,7572376,7572453,6.66745165875164,6.778472413513985,-0.7195241150583456,78
78,7572783,7572845,7.24675195172039,7.336422608826485,-1.0,63
78,7572878,7573031,7.38196972515789,7.601164308045235,0.91015422766324,154
78,7573146,7573291,7.763425535704765,7.97123339984211,-0.7190982527704138,146
78,7573373,7573469,8.086524168517265,8.22458838031086,-0.20785291916820609,97
78,7573652,7573854,8.48363671734539,8.772575440857734,0.1907814501263997,203
78,7573910,7573961,8.850859129454765,8.92487304827961,-0.20043673786792665,52
78,7574066,7574139,9.072900633361016,9.17822802874836,-0.6749191370160845,74
78,7574171,7574239,9.22235156109539,9.320562257263985,-0.912024562319121,69
78,7574269,7574425,9.36183935406414,9.585303956482734,0.31071918303049473,157
78,7574428,7574513,9.588150633361016,9.71055810687336,0.31071918303049473,86
78,7574527,7574587,9.729061766173515,9.815885499451484,0.19530549290912985,61
78,7574603,7575003,9.837235594298516,10.40799609515461,-0.8879579169830744,401
78,7575048,7575097,10.470623289611016,10.541790284607735,0.08107434690918379,50
78,7575116,7575235,10.567410398986015,10.738211671326486,0.4522035110754206,120
78,7575237,7575241,10.739635008361015,10.746751710388985,0.4522035110754206,5
78,7575243,7575324,10.748175047423516,10.86488916156086,0.4522035110754206,82
78,7575364,7575470,10.92039941265789,11.072697022888985,-0.6019235301532732,107
78,7575484,7575599,11.09120068218914,11.256308351013985,-0.21269437745839598,116
78,7575655,7575730,11.334592039611016,11.44276611468586,-0.8752152555252294,76
78,7575790,7575854,11.526743406798515,11.61926074359211,-1.0,65
78,7575866,7576033,11.63491747906414,11.87403906390461,1.0,168
78,7576327,7576372,12.291078367736015,12.35655224749836,-0.6582221851157478,46
78,7576415,7576425,12.41633251812664,12.43198925921711,0.06460207838240214,11
78,7576427,7576854,12.43341259625164,13.042603272888986,0.06460207838240214,428
78,7576995,7577025,13.241871336486016,13.285994874451484,-0.2605137925570255,31
78,7577027,7577070,13.287418211486015,13.35004541156086,-0.2605137925570255,44
78,7577336,7577539,13.727231199767266,14.017593018982735,0.9366102549167905,204
78,7577552,7577606,14.034673094298515,14.11295703265461,0.2327820683726411,55
78,7577694,7577772,14.236787840392266,14.34923193499836,-0.16054164558880077,79
78,7577914,7578042,14.549923094298515,14.733534425232735,-0.893454138390437,129
78,7578095,7578151,14.80754833843914,14.88867871234211,-0.4240591652041137,57
78,7578219,7578266,14.984042723204764,15.05236328265461,-0.9004503761509443,48
78,7578304,7578452,15.10502685406414,15.31710498187336,1.0,149
78,7578579,7578627,15.496446043517265,15.56618994281086,-0.3405408393685676,49
78,7578651,7578699,15.59892675640789,15.668670655701485,-0.22337033309468943,49
78,7578796,7578800,15.80531152203289,15.81242822406086,-0.7001723724217468,5
78,7578802,7578856,15.81385156109539,15.89213525531086,-0.7001723724217468,55
78,7579052,7579226,16.169687254454765,16.418772218201486,0.6698309051280062,175
78,7579303,7579358,16.526946043517263,16.60665332171711,-0.49240210995563244,56
78,7579504,7579595,16.81303808453289,16.943985597107734,-0.4891879825521301,92
78,7579607,7579845,16.959642332579765,17.29982129046711,1.0,239
78,7580026,7580118,17.55602294781414,17.688393800232735,-0.8314361011903135,93
78,7580240,7580317,17.86061816265789,17.971638917420236,-0.7364832205401074,78
78,7580474,7580578,18.193680418517264,18.34313134906086,0.7275441724859527,105
78,7580580,7580707,18.34455468609539,18.52674267718586,0.7275441724859527,128
78,7580846,7580904,18.723163816954767,18.80714111468586,-0.6277023569582315,59
78,7580971,7581048,18.901081785704765,19.01210254046711,-0.4739500520970274,78
78,7581071,7581121,19.04341601422039,19.11600634906086,-1.0,51
78,7581230,7581368,19.26972753765789,19.467572022888984,1.0,139
78,7581413,7581476,19.53019921734539,19.62129297015461,-0.3415574870419754,64
78,7581591,7581651,19.78355419781414,19.87037793109211,-0.7264993997921128,61
79,7605543,7605864,-20.0,-19.542226316954764,0.910378061576331,322
79,7606016,7606034,-19.327301515076485,-19.300258055236014,-0.8354198584022247,19
79,7606037,7606087,-19.297411378357737,-19.22482079937664,-0.8354198584022247,51
79,7606121,7606181,-19.17785058734211,-19.091026609923514,-0.46795333262313693,61
79,7606183,7606240,-19.089603272888986,-19.007049559142263,-0.46795333262313693,58
79,7606255,7606310,-18.98712255999836,-18.90741552593914,0.4973260029970292,56
79,7606406,7606991,-18.772197999451485,-17.93811913922039,0.8533753636534829,586
79,7607053,7607152,-17.851295167420236,-17.70896093609539,-0.21764714462788903,100
79,7607274,7607332,-17.536736573670236,-17.45275927593914,-0.22285105925281073,59
79,7607436,7607486,-17.306155030701486,-17.23356445172039,0.32145876298107184,51
79,7607651,7607697,-17.00013623187336,-16.93323925640789,0.43655392119639735,47
79,7607775,7607808,-16.823641847107734,-16.775248289611014,-0.5129768896267985,34
79,7607811,7607812,-16.77240136859211,-16.76955468609539,-0.5129768896267985,2
79,7607814,7607917,-16.76813134906086,-16.620103758361015,-0.5129768896267985,104
79,7607956,7608041,-16.566016847107736,-16.44360937359539,-0.21689091758407844,86
79,7608156,7608279,-16.281348390076484,-16.104853758361013,-0.17935016865756218,124
79,7608295,7608623,-16.083503663513984,-15.615223875548516,1.0,329
79,7608673,7608694,-15.545480226013986,-15.51416650250164,-0.41986084103835447,22
79,7608696,7608744,-15.51274316546711,-15.44299951031414,-0.41986084103835447,49
79,7608854,7608926,-15.28785498187336,-15.18395117047039,-0.42457751280825745,73
79,7609091,7609199,-14.95052295062336,-14.795378660704765,-0.5366972564600442,109
79,7609241,7609440,-14.73702148577961,-14.45235302593914,-0.16016515303600362,200
79,7609539,7609591,-14.312865479920236,-14.23742822125164,1.0,53
79,7609593,7609738,-14.23600488421711,-14.02819677593914,1.0,146
79,7609847,7609952,-13.874475831482735,-13.72360156109539,-0.3012614175994856,106
79,7609975,7610082,-13.69228808734211,-13.53856689312664,-0.3204982524695326,108
79,7610121,7610230,-13.48447998187336,-13.327912352111015,0.0,110
79,7610248,7610282,-13.30371533343586,-13.25389843609539,-0.3563922385173752,35
79,7610284,7610394,-13.25247509906086,-13.094484129454765,-0.3563922385173752,111
79,7610468,7610557,-12.99058007952961,-12.862479246642264,-0.45605565351502586,90
79,7610589,7610782,-12.818355714295235,-12.54222704937664,1.0,194
79,7610877,7610936,-12.408432862732734,-12.323032469298514,0.09892457222767391,60
79,7610954,7611078,-12.29883545062336,-12.120917723204766,-0.40310263615992087,125
79,7611126,7611243,-12.05402050921711,-11.886066160704765,0.14680226435671193,118
79,7611256,7611349,-11.868986085388984,-11.73519189312664,-0.1784909781783043,94
79,7611396,7611549,-11.669718018982735,-11.450523191954765,-0.32667214631389274,154
79,7611579,7611733,-11.409246339295235,-11.188628172423515,1.0,155
79,7611746,7611802,-11.171548097107735,-11.090417723204766,-0.15822392856434336,57
79,7611824,7611878,-11.06052734515461,-10.98224365093914,-0.3908735232339876,55
79,7611945,7611996,-10.888302979920235,-10.81428906109539,-0.3120066826960115,52
79,7612247,7612425,-10.458453370545236,-10.203675047423514,1.0,179
79,7612476,7612517,-10.132508058045236,-10.07272753765789,-1.0,42
79,7612611,7612667,-9.940356690857735,-9.859226316954764,-0.8898590483829646,57
79,7612714,7612754,-9.79375244281086,-9.73539550640789,0.1616665205199281,41
79,7612769,7612853,-9.715468507263985,-9.59448437359539,0.42552984373539837,85
79,7612892,7612941,-9.54039746234211,-9.469230223204764,-0.44840318565996307,50
79,7612973,7613038,-9.425106690857735,-9.33116601422039,-0.18058167094053476,66
79,7613186,7613448,-9.121934815857735,-8.74759570172039,1.0,263
79,7613472,7613545,-8.714858643982735,-8.609531492736014,-0.30905819262166834,74
79,7613636,7613789,-8.481430421326484,-8.26223583843914,-0.4492744075610263,154
79,7613866,7613955,-8.154061768982736,-8.02596093609539,-0.3370310671664639,90
79,7613983,7614147,-7.987530518982735,-7.75267919781414,1.0,165
79,7614179,7614291,-7.708555421326485,-7.54771777203289,-0.15897283049457414,113
79,7614294,7614321,-7.54487109515461,-7.50501757672039,-0.15897283049457414,28
79,7614363,7614391,-7.446660401795235,-7.4053835435172655,-0.3515514894184295,29
79,7614394,7614425,-7.402536866638985,-7.35698974468914,-0.3515514894184295,32
79,7614439,7614487,-7.33848632952961,-7.26874267437664,0.2755295355014427,49
79,7614503,7614607,-7.247392335388985,-7.09794140484539,-0.23326368261646893,105
79,7614649,7614860,-7.03958447406086,-6.737835691954765,1.0,212
79,7614929,7614970,-6.641048585388985,-6.58126806500164,0.17860703484807494,42
79,7615205,7615314,-6.248205811951485,-6.09163818218914,-0.42192475727567175,110
79,7615607,7615769,-5.676022218201485,-5.444017332579765,0.853514129647164,163
79,7615771,7615850,-5.442593995545235,-5.32872656109539,0.853514129647164,80
79,7616006,7616024,-5.10810839984211,-5.08106494000164,-0.1826905608482109,19
79,7616027,7616098,-5.07821826312336,-4.975737547423515,-0.1826905608482109,72
79,7616344,7616454,-4.62701855609211,-4.469027586486015,-0.3122820078631907,111
79,7616522,7616677,-4.37366357562336,-4.15162206890789,1.0,156
79,7616715,7616772,-4.09895849749836,-4.016404539611015,0.1999704065794705,58
79,7616809,7616857,-3.965164308045235,-3.89542040875164,0.11205617755369882,49
79,7616914,7616970,-3.81571338031086,-3.734582762267265,-0.3257747863881197,57
79,7617182,7617233,-3.434257569763985,-3.36024365093914,-0.4575599893745963,52
79,7617652,7617722,-2.765286378357735,-2.66422900250164,-0.3311578516052865,71
79,7617842,7618034,-2.4948513197639848,-2.220146238829765,1.0,193
79,7618062,7618193,-2.181716065857735,-1.993834715392265,-0.2679330812951005,132
79,7618267,7618343,-1.88993066546711,-1.780333250548515,-0.853343253484662,77
79,7618417,7618620,-1.6764292006233599,-1.38606738140789,1.0,204
79,7618746,7618833,-1.208149659607735,-1.08289550640789,0.06342627979439737,88
79,7618923,7618990,-0.956218018982735,-0.85943066265789,-0.23687460192173554,68
79,7619028,7619117,-0.8067668471077349,-0.6786660142203901,-0.4053052292683275,90
79,7619172,7619483,-0.60180566546711,-0.15772265484539008,0.6743854922170586,312
79,7619601,7619654,0.008808348204765072,0.08566894671710994,-0.40021154026443706,54
79,7619678,7619775,0.11840576031414006,0.2578933119514849,-0.5440337230134153,98
79,7619840,7619926,0.34898730328289007,0.47281811663898493,-0.8074559187646018,87
79,7620006,7620247,0.58526220562664,0.9297111830452349,1.0,242
79,7620296,7620348,0.998031492736015,1.07346875140461,-0.011491136636296634,53
79,7620398,7620444,1.14321240093914,1.210109620545235,0.16481323960631228,47
79,7620558,7620681,1.37094726422039,1.54744189593586,-0.4960396168655778,124
79,7620700,7620786,1.57306201031414,1.696892823670235,-0.27319260032411113,87
79,7620802,7620850,1.718242918517265,1.78798681781086,-0.28530022634089364,49
79,7621047,7621115,2.06696191265789,2.165172608826485,-0.6300947833870829,69
79,7621272,7621423,2.38721386578289,2.60356201312336,1.0,152
79,7621459,7621508,2.6533791489860152,2.7245461439827348,-0.14037352241399112,50
79,7621780,7621889,3.11027197125164,3.266839601013985,0.084587522470217,110
79,7622054,7622239,3.500267820861015,3.76500976702961,1.0,186
79,7622326,7622370,3.887417234923515,3.951467530701485,-0.1861856551934255,45
79,7622417,7622528,4.01694140484539,4.1763557142952346,-0.6773533156199703,112
79,7622976,7623165,4.81258984234539,5.08302490374836,1.0,190
79,7623287,7623378,5.25524951031414,5.386197022888985,0.13763773390690487,92
79,7623436,7623482,5.467327391173515,5.53422461077961,-0.7658832667387506,47
79,7623735,7623780,5.892906981017265,5.958380616638985,-0.5768101684365555,46
79,7624098,7624145,6.409580320861015,6.477900636170235,1.0,48
79,7624148,7624335,6.480747313048515,6.74833593890461,1.0,188
79,7624362,7624406,6.78534277203289,6.84939306781086,-0.13479230675781795,45
79,7624431,7624484,6.883553465392265,6.960413819763985,0.3939955002606457,54
79,7624575,7624639,7.08851464703289,7.181031983826485,-0.4456971457719648,65
79,7624842,7624885,7.468547117736015,7.53117431781086,-0.2750124027104487,44
79,7624937,7624993,7.603764891173515,7.684895265076485,-0.2426438991037192,57
79,7625295,7625344,8.113321531798515,8.184488526795235,0.16440029252655525,50
79,7625406,7625570,8.27131249859539,8.50616406390461,1.0,165
79,7625596,7625642,8.54174755718914,8.608644776795234,-0.16304256678369655,47
79,7625881,7625928,8.947400145079765,9.01572070452961,-0.6840324043413523,48
79,7625947,7626010,9.04134081890789,9.132434815857735,-0.14751187507265268,64
79,7626257,7626301,9.48257714703289,9.54662744281086,-0.7196583951846923,45
79,7626458,7626568,9.76866894390789,9.926659913513985,-0.355679850349576,111
79,7626685,7626740,10.091767820861016,10.171474854920236,0.42434980249075893,56
79,7626788,7626863,10.23837206890789,10.346546143982735,-0.08283754696742511,76
79,7626969,7627025,10.49599706890789,10.577127686951485,-0.017803202772900702,57
79,7627262,7627434,10.913036375548515,11.159274659607735,1.0,173
79,7627487,7627544,11.23328857281414,11.315842530701484,-0.10989166321071668,58
79,7627606,7627655,11.402666258361014,11.47383349749836,0.2593408220951035,50
79,7627668,7627745,11.49091357281414,11.601934327576485,-0.2978715965627403,78
79,7627904,7627954,11.826822508361015,11.899412843201485,-0.809375784152275,51
79,7628024,7628132,11.99762353375164,12.152767823670235,-0.36452745189176095,109
79,7628193,7628470,12.23816845562664,12.633857667420235,0.8592025288893766,278
79,7628511,7628546,12.69079150250164,12.74203173968586,-0.33718816617354613,36
79,7628549,7628575,12.74487841656414,12.78330859515461,-0.33718816617354613,27
79,7628636,7628710,12.868709227111015,12.97545996234211,-0.2836756687827642,75
79,7628727,7628767,12.99823339703289,13.056590577576484,0.2728618693097058,41
79,7628785,7628826,13.080787352111015,13.140567628357735,-0.44907369058087787,42
79,7628960,7629012,13.329872313048515,13.405309327576486,-1.0,53
79,7629038,7629086,13.44089306500164,13.51063672015461,-0.37839919135736944,49
79,7629156,7629213,13.608847410704765,13.69140136859211,-0.3714206649964431,58
79,7629226,7629570,13.70848144390789,14.19953466937336,1.0,345
79,7629585,7629638,14.21946142437664,14.296322022888985,-0.8288741547360801,54
79,7629706,7629752,14.391685789611016,14.45858300921711,-1.0,47
79,7629813,7629875,14.543983641173515,14.633654054138985,-0.4896715592580369,63
79,7630057,7630102,14.891279051329764,14.95675293109211,-0.18959429414677098,46
79,7630210,7630256,15.109050535704766,15.17594775531086,-0.6136397861492328,47
79,7630272,7630327,15.19729785015789,15.277005128357734,-0.2956053107698149,56
79,7630332,7630358,15.282698484923515,15.321128663513985,-0.2956053107698149,27
79,7630386,7630712,15.359558836486014,15.824991944763985,1.0,327
79,7630845,7630891,16.012873289611015,16.079770265076483,0.32565719570317586,47
79,7630938,7630989,16.14524413922039,16.21925781390461,-0.8727519164743965,52
79,7631178,7631226,16.48684619000164,16.556590089295234,-1.0,49
79,7631351,7631430,16.73308447125164,16.846951905701484,-0.8429074613186202,80
79,7631466,7631841,16.89676904156414,17.43194580218586,1.0,376
79,7631922,7631976,17.545813231017267,17.62409716937336,-0.6420473951245542,55
79,7632000,7632059,17.65683398297039,17.742234620545236,-0.15070458418175836,60
79,7632283,7632385,18.059639891173514,18.20624414202961,-0.7608472838913182,103
79,7632448,7632700,18.294491453673515,18.65459716937336,1.0,253
79,7632702,7632779,18.65602050640789,18.767041261170235,1.0,78
79,7632781,7632902,18.768464598204766,18.94211230609211,1.0,122
79,7632955,7633038,19.016126219298513,19.13568701312336,-0.2020628073496229,84
79,7633059,7633106,19.16415380718914,19.232474366638986,0.07383724599305401,48
79,7633122,7633167,19.253824461486015,19.319298097107733,-0.6734634544121065,46
79,7633311,7633358,19.522836180236016,19.591156495545235,-0.2908942111917174,48
79,7633467,7633627,19.744877684142264,19.974035890076486,0.13015785811650007,161
80,7657821,7657902,-19.667035401795236,-19.55032128765789,0.02557630339108406,82
80,7657921,7658086,-19.52470117327961,-19.28842626812664,1.0,166
80,7658328,7658376,-18.945400636170234,-18.875656981017265,-0.8154364498546286,49
80,7658463,7658510,-18.75324951312336,-18.684928953673516,-0.6015485505329068,48
80,7658526,7658578,-18.663578858826487,-18.58814160015789,0.06844750735047923,53
80,7658815,7658907,-18.25223291156086,-18.119862059142264,-0.140408403897804,93
80,7658934,7658966,-18.08285498187336,-18.03588476422039,-0.5974303827024448,33
80,7658968,7659022,-18.03446142718586,-17.956177488829766,-0.5974303827024448,55
80,7659120,7659163,-17.81811328265461,-17.75548632672039,-0.17000126386900025,44
80,7659353,7659389,-17.486474366638983,-17.433810789611016,1.0,37
80,7659391,7659516,-17.432387452576485,-17.25304638531414,1.0,126
80,7659529,7659588,-17.235966065857735,-17.150565672423514,0.03997982967824624,60
80,7659633,7659685,-17.08793847796711,-17.01250146343914,-0.28796412344306,53
80,7659728,7659796,-16.952720948670233,-16.85451025250164,-0.30500805186313507,69
80,7659854,7659907,-16.77337988421711,-16.696519285704763,-0.4034237521911273,54
80,7659966,7660150,-16.61396533343586,-16.35064697125164,1.0,185
80,7660259,7660324,-16.196926026795236,-16.10298535015789,-0.46060066485123013,66
80,7660461,7660558,-15.909410890076485,-15.76992333843914,-0.24611394862536423,98
80,7660806,7660848,-15.418357667420235,-15.35715380718914,-0.13661405830560808,43
80,7661024,7661034,-15.10806884906086,-15.09241210797039,-1.0,11
80,7661036,7661068,-15.09098877093586,-15.04401855328289,-1.0,33
80,7661121,7661148,-14.970004640076485,-14.930151121642265,-0.07619679786474358,28
80,7661151,7661179,-14.927304444763985,-14.88602734234539,-0.07619679786474358,29
80,7661199,7661417,-14.85898388812336,-14.54727197125164,1.0,219
80,7661485,7661530,-14.451907960388985,-14.38643408062664,-0.5435201215077744,46
80,7661653,7661693,-14.212786378357736,-14.154429441954765,-1.0,41
80,7661914,7662159,-13.84129394671711,-13.491151609923515,0.7871074892064487,246
80,7662253,7662300,-13.35878076312336,-13.29046044781414,-1.0,48
80,7662676,7662832,-12.756706788513984,-12.533241941954765,-0.6942643078637699,157
80,7662883,7663003,-12.462074952576485,-12.289850340392265,1.0,121
80,7663200,7663284,-12.010875245545234,-11.88989111187664,-0.09834896180744668,85
80,7663402,7663478,-11.723360108826485,-11.61376269390789,-0.1826237667836033,77
80,7663728,7663900,-11.259350343201485,-11.013112059142266,1.0,173
80,7663993,7664126,-10.88216455218586,-10.691436766173515,-0.30235280298952383,134
80,7664128,7664212,-10.69001318499836,-10.56902929547039,-0.30235280298952383,85
80,7664455,7664497,-10.224580323670235,-10.16337646343914,-0.6197854650301121,43
80,7664643,7664709,-9.956991944763985,-9.86162792828289,0.010493249278467226,67
80,7664750,7664936,-9.804694093201485,-9.538529051329766,1.0,187
80,7664973,7665021,-9.487288819763984,-9.41754492047039,-0.34426832962754483,49
80,7665134,7665216,-9.258130616638985,-9.13999316265789,-0.9235061673380688,83
80,7665364,7665415,-8.93076172015461,-8.85674804547039,-1.0,52
80,7665456,7665633,-8.799814210388986,-8.546459227111015,1.0,178
80,7665696,7665742,-8.45821191546711,-8.39131494000164,0.0,47
80,7665776,7665849,-8.34434472796711,-8.239017332579765,-0.5602071979256877,74
80,7666031,7666097,-7.981392335388985,-7.88602831890789,-0.30473467368670965,67
80,7666164,7666428,-7.792087647888985,-7.41490185406414,1.0,265
80,7666441,7666483,-7.3978217787483596,-7.336617918517265,0.3475572851825145,43
80,7666485,7666492,-7.335194581482735,-7.323807859923515,0.3475572851825145,8
80,7666514,7666561,-7.293917726013985,-7.22559716656414,-0.09922741833033555,48
80,7666588,7666687,-7.18859033343586,-7.046256102111015,-0.38178377540643627,100
80,7666715,7666819,-7.007825929138985,-6.85837499859539,-0.7399312410433309,105
80,7666837,7667012,-6.834177979920235,-6.583669676329765,-0.5530511528662228,176
80,7667034,7667160,-6.553779542420235,-6.37301513531414,-0.7664640698847819,127
80,7667235,7667440,-6.267687745545235,-5.97447900250164,1.0,206
80,7667574,7667673,-5.785174561951485,-5.64284033062664,-0.16190955736055984,100
80,7667675,7667705,-5.64141699359211,-5.597293211486015,-0.16190955736055984,31
80,7667719,7667764,-5.578789796326485,-5.513316160704765,-0.48487022892811527,46
80,7667777,7667832,-5.49623584124836,-5.41652880718914,-0.10980260970995592,56
80,7667936,7667989,-5.269924561951485,-5.1930639634391405,-0.30158993382892607,54
80,7668002,7668080,-5.17598388812336,-5.063539793517265,-0.2961846661948185,79
80,7668106,7668261,-5.027956300232735,-4.805914793517265,0.573066117246055,156
80,7668263,7668430,-4.804491456482735,-4.565369871642265,0.573066117246055,168
80,7668558,7668620,-4.38460547015461,-4.294934813048515,-0.49331047419991253,63
80,7668645,7668690,-4.260774659607735,-4.19530077984539,-0.5495987483931835,46
80,7668692,7668709,-4.19387744281086,-4.16825732281414,-0.5495987483931835,18
80,7668745,7668789,-4.118440186951485,-4.054389891173515,0.037965114770434565,45
80,7668870,7669009,-3.94052246234211,-3.74125439312664,1.0,140
80,7669276,7669343,-3.362645265076485,-3.26585790875164,0.19417919405281875,68
80,7669428,7669441,-3.146297120545235,-3.126370359923515,-0.03122777481101653,14
80,7669443,7669450,-3.124947022888985,-3.1135603013297652,-0.03122777481101653,8
80,7669452,7669506,-3.112136964295235,-3.033853270079765,-0.03122777481101653,55
80,7669591,7669763,-2.91429248187336,-2.66805419781414,1.0,173
80,7669923,7669980,-2.44174267718586,-2.359188719298515,-0.2884519476628161,58
80,7670244,7670520,-1.98484961077961,-1.590583738829765,0.1637965571127813,277
80,7670948,7670999,-0.98281640765461,-0.908802488829765,-0.25138964658993523,52
80,7671058,7671173,-0.826248780701485,-0.661140867736015,-0.37278272530294426,116
80,7671197,7671217,-0.6284040541389849,-0.598513914611015,-0.5370310852239725,21
80,7671220,7671302,-0.595667237732735,-0.47752978375164007,-0.5370310852239725,83
80,7671415,7671582,-0.3181154799202349,-0.07899389507976506,-0.14321647704341517,168
80,7671813,7671885,0.24837499859539008,0.3522790541389849,0.2115642873392645,73
80,7671918,7672059,0.3978259263297651,0.599940675232735,-0.11791971595868526,142
80,7672159,7672269,0.7408515610953901,0.898842530701485,0.5571878086346251,111
80,7672621,7672661,1.3984357896110151,1.45679297015461,-0.7838438898584011,41
80,7672839,7672934,1.70872460797039,1.845365479920235,-0.497869380535725,96
80,7673015,7673057,1.95923290875164,2.02043652484211,-0.31236358625080785,43
80,7673174,7673313,2.18554443218914,2.384812257263985,0.7730292895214534,140
80,7673577,7673592,2.75915136578289,2.78192480609211,-0.36416610345957445,16
80,7673594,7673718,2.78334814312664,2.96126611468586,-0.36416610345957445,125
80,7673833,7673950,3.123527098204765,3.291481690857735,-0.4529503497450634,118
80,7674152,7674182,3.5775734849235152,3.621697022888985,-0.496978908417349,31
80,7674184,7674270,3.623120359923515,3.74695117327961,-0.496978908417349,87
80,7674330,7674448,3.830928465392265,4.00030615374836,1.0,119
80,7674468,7674545,4.02734960797039,4.138370362732735,0.2486009346284698,78
80,7674638,7674696,4.26931786968914,4.353295167420235,-0.3813022013581568,59
80,7674835,7674961,4.549716551329765,4.73048095843586,0.8760961122902591,127
80,7675036,7675096,4.835808348204765,4.92263232562336,-0.167628418260803,61
80,7675180,7675221,5.040769773986015,5.1005500502327346,-0.8838369308123782,42
80,7675295,7675364,5.20445410015789,5.304088136170235,-0.5699578921947448,70
80,7675366,7675444,5.305511473204765,5.41795556781086,-0.5699578921947448,79
80,7675458,7675531,5.43645898297039,5.541786378357735,-0.38551108955108687,74
80,7675576,7675816,5.604413328673515,5.9474389662483595,0.6696576873707203,241
80,7676072,7676114,6.310391356017265,6.371594972107735,-0.3437559788483736,43
80,7676177,7676218,6.45984228375164,6.519622804138985,-0.8986133166232184,42
80,7676406,7676702,6.785787840392265,7.20852050921711,0.3675844888352553,297
80,7676877,7676918,7.4561821275016404,7.515962647888985,0.07441729775158602,42
80,7676969,7677017,7.587129637267265,7.65687353656086,-0.3492186296513228,49
80,7677171,7677242,7.87464501812664,7.97712548968586,-0.1688646324365778,72
80,7677262,7677336,8.004169188048515,8.110919679138984,-0.2951328617073399,75
80,7677645,7677740,8.549309324767265,8.68595019671711,0.6770146889592907,96
80,7677742,7677786,8.68737353375164,8.751424073670234,0.6770146889592907,45
80,7677813,7677862,8.788430906798515,8.85959814593586,-0.6682839560449955,50
80,7677932,7678011,8.95780859234539,9.071676026795235,0.17532141869827464,80
80,7678075,7678149,9.16134667828289,9.268097413513985,-0.6481954307107303,75
80,7678197,7678264,9.334994383361016,9.43178173968586,0.26112658009590034,68
80,7678365,7678621,9.574115965392265,9.93991504046711,0.8527358746361491,257
80,7678638,7678699,9.96268847515789,10.050935792420235,0.01591070359499292,62
80,7678776,7678892,10.15910986187664,10.325640870545236,0.32556716464591823,117
80,7678958,7679037,10.41815820172039,10.532025636170236,-0.3112940230685694,80
80,7679225,7679336,10.798190672423514,10.957605226013985,-0.005029520441398617,112
80,7679377,7679419,11.014538816954765,11.075742433045235,-0.97508670535803,43
80,7679467,7679511,11.14263964703289,11.206690186951485,1.0,45
80,7679513,7679625,11.208113523986015,11.36895117327961,1.0,113
80,7679641,7679696,11.39030126812664,11.470008546326484,-0.21743607736723133,56
80,7679730,7679802,11.516978758361015,11.62088281390461,-0.07593241372414,73
80,7679860,7680011,11.702013426329765,11.91836132952961,-0.43723090782039487,152
80,7680091,7680107,12.030805418517264,12.055002198670236,-0.2875474015566676,17
80,7680109,7680133,12.056425535704765,12.09200927874836,-0.2875474015566676,25
80,7680208,7680254,12.197336668517265,12.264233643982735,0.14077745823045337,47
80,7680447,7680503,12.537515379454765,12.61864599749836,-0.5551672216552123,57
80,7680603,7680696,12.759556883361014,12.89335107562336,-0.33569475962210366,94
80,7681048,7681272,13.39294433453289,13.713196534607736,0.9649000651183249,225
80,7681417,7681487,13.91815771343914,14.019215089295235,0.2350330446482643,71
80,7681703,7681744,14.32523388531414,14.38501416156086,-0.20848766257312626,42
80,7681760,7681875,14.40636425640789,14.57147216937336,0.08329866890360046,116
80,7681924,7682066,14.63979247906414,14.84333056781086,-0.45253742467671126,143
80,7682121,7682342,14.920191160704764,15.236173097107734,1.0,222
80,7682355,7682474,15.253253172423515,15.424054444763986,-0.20734124034331858,120
80,7682477,7682517,15.426901121642265,15.485258058045234,-0.20734124034331858,41
80,7682567,7682618,15.55500195172039,15.62901562640461,-0.028167085313384882,52
80,7682635,7682683,15.65178906109539,15.721532960388984,-0.5028186375997665,49
80,7682702,7682758,15.747153074767265,15.82828369281086,-1.0,57
80,7682773,7682834,15.84821044781414,15.936457765076485,-0.19494385676084122,62
80,7682989,7683062,16.155652586486013,16.260979737732736,0.9625159477455177,74
80,7683064,7683227,16.262403074767263,16.495831300232734,0.9625159477455177,164
80,7683492,7683547,16.87159374859539,16.951301026795235,-0.2977071999924741,56
80,7683638,7683684,17.07940185406414,17.146299073670235,-0.5184000027983757,47
80,7683818,7683887,17.33560351422039,17.435237550232735,-0.3853347291386133,70
80,7683986,7684123,17.57472509625164,17.77114648577961,-0.4584950427606294,138
80,7684303,7684386,18.02592480328289,18.145485597107736,-0.3571696519631232,84
80,7684430,7684673,18.206689207579764,18.55398486468586,1.0,244
80,7684690,7684748,18.57675829937664,18.660735597107735,-0.1325005068296797,59
80,7684864,7684917,18.82441992047039,18.901280518982734,-0.09647590980089296,54
80,7684937,7684979,18.928323973204765,18.989527589295236,-0.7238783307851927,43
80,7685006,7685049,19.02653466656414,19.08916162249836,-1.0,44
80,7685298,7685339,19.442150633361017,19.50193115374836,-0.24995607587144916,42
80,7685630,7685685,19.914700438048516,19.99440771624836,-0.1205765224909895,56
81,7754115,7754234,-19.934677979920234,-19.76387695172039,-0.5402937207294094,120
81,7754302,7754391,-19.668512940857735,-19.54041210797039,-0.26677677524221055,90
81,7754421,7754523,-19.49913525531086,-19.35253076031414,-0.06212902063781111,103
81,7754589,7754644,-19.26001367327961,-19.180306395079764,0.22692948840079563,56
81,7754747,7754808,-19.03512548968586,-18.946878172423514,-0.5850599377623248,62
81,7754822,7754853,-18.928374757263985,-18.882827879454766,0.8068481071890056,32
81,7754855,7755182,-18.881404542420235,-18.414548094298514,0.8068481071890056,328
81,7755317,7755394,-18.223820069763985,-18.11279931500164,-0.12620736372552457,78
81,7755448,7755530,-18.03736230609211,-17.919224852111014,-0.889519011869087,83
81,7755619,7755695,-17.79397070452961,-17.684373289611013,-0.17337393510511845,77
81,7756006,7756041,-17.243136964295235,-17.191896727111015,-0.7035354250521486,36
81,7756043,7756074,-17.190473390076484,-17.14492626812664,-0.7035354250521486,32
81,7756150,7756236,-17.03817578265461,-16.914344969298515,0.13962341982081566,87
81,7756435,7756476,-16.63252295062336,-16.57274267437664,0.01683740461931371,42
81,7756510,7756661,-16.525772218201485,-16.30942431500164,-0.15911479176466395,152
81,7756721,7757025,-16.225447022888986,-15.79132763531414,1.0,305
81,7757305,7757405,-15.39421484515461,-15.250457273986015,-0.10124816460660009,101
81,7757407,7757459,-15.249033936951484,-15.173596922423515,-0.10124816460660009,53
81,7757500,7757561,-15.11666308734211,-15.028415770079764,-0.15793513793749642,62
81,7757587,7757732,-14.992832276795236,-14.785024168517266,-0.4786247074801963,146
81,7757821,7757866,-14.65977002093586,-14.59429638531414,-1.0,46
81,7758048,7758117,-14.33667138812336,-14.237037352111015,0.12442110661826541,70
81,7758160,7758263,-14.17725683734211,-14.029229246642265,-0.5140530855373322,104
81,7758288,7758371,-13.995069093201485,-13.87550829937664,-0.18017007656813386,84
81,7758405,7758410,-13.82853808734211,-13.81999804547039,-1.0,6
81,7758412,7758486,-13.81857470843586,-13.711823973204766,-1.0,75
81,7758519,7758590,-13.66627685687336,-13.56379638531414,0.0,72
81,7758650,7758714,-13.479819093201485,-13.38730175640789,-0.33051969975776374,65
81,7758763,7758832,-13.31898144671711,-13.219347410704765,-0.22086651262763443,70
81,7758869,7758953,-13.16810693499836,-13.047122801329765,0.2284417771641962,85
81,7759045,7759096,-12.91759863421711,-12.84358495953289,-0.7225305465874943,52
81,7759148,7759239,-12.770994386170235,-12.64004687359539,-0.04821394169153789,92
81,7759386,7759486,-12.43223877093586,-12.288481199767265,0.06823838947248784,101
81,7759560,7759598,-12.18457714984211,-12.12906689312664,-0.6911284097576953,39
81,7759600,7759647,-12.12764355609211,-12.059322996642265,-0.6911284097576953,48
81,7759744,7759836,-11.92268213031086,-11.790311277892265,-0.3380027298415485,93
81,7759978,7760067,-11.58962011859211,-11.461519285704766,0.018047578330150204,90
81,7760086,7760183,-11.43589892718586,-11.296411375548516,1.0,98
81,7760186,7760417,-11.293564698670234,-10.963349363829765,1.0,232
81,7760768,7760783,-10.46517920062336,-10.44240576031414,-0.7329228361120941,16
81,7760785,7760814,-10.44098242327961,-10.39828222515789,-0.7329228361120941,30
81,7760883,7761030,-10.301494874451485,-10.090840086486015,-0.37610912268982577,148
81,7761114,7761173,-9.972702882263984,-9.88730224468914,-0.2920349358818362,60
81,7761191,7761259,-9.86310547015461,-9.764894773986015,-0.21751332662960912,69
81,7761385,7761466,-9.586976808045234,-9.47026269390789,0.22106775428432762,82
81,7761585,7761667,-9.302308351013984,-9.18417089703289,-0.446607636977522,83
81,7761887,7761957,-8.87245898577961,-8.771401609923515,-0.11303330784718428,71
81,7761987,7762086,-8.73012451312336,-8.587790281798515,-0.3853538127810991,100
81,7762123,7762342,-8.536550050232735,-8.22341454937664,-0.1718904645488864,220
81,7762366,7762428,-8.19067773577961,-8.101007078673515,0.0005614991682759954,63
81,7762458,7762500,-8.059730226013984,-7.998526609923515,-0.10306647118558829,43
81,7762514,7762568,-7.9800229506233595,-7.90173925640789,-0.6236545574000286,55
81,7762635,7762727,-7.807798585388985,-7.67542773297039,0.2598635635143828,93
81,7762797,7763014,-7.577217042420235,-7.266928465392265,-0.27831519597249804,218
81,7763243,7763506,-6.94240625140461,-6.566643797423515,1.0,264
81,7763651,7763697,-6.361682374451485,-6.294785398986015,-0.020160516728758685,47
81,7763773,7763856,-6.18803466937336,-6.068473875548515,0.1569630410735556,84
81,7763961,7764015,-5.92044629046711,-5.842162352111015,-0.7141363876920223,55
81,7764283,7764332,-5.46212988421711,-5.390962645079765,1.0,50
81,7764334,7764483,-5.389539308045235,-5.17603808453289,1.0,150
81,7764516,7764612,-5.130490968201485,-4.99242675640789,0.030770342918275035,97
81,7764635,7764679,-4.96111328265461,-4.897062742736015,0.09206122965658445,45
81,7764931,7765378,-4.539803956482735,-3.902146238829765,0.9008288744815982,448
81,7765400,7765517,-3.872256104920235,-3.70430175640789,-0.5880659096007333,118
81,7765519,7765752,-3.70287841937336,-3.369816160704765,-0.5880659096007333,234
81,7765770,7766265,-3.345619386170235,-2.639641356017265,0.43874989870397907,496
81,7766470,7766564,-2.349279542420235,-2.21406201031414,-0.41531540889289403,95
81,7766600,7766676,-2.164244874451485,-2.054647703673515,-0.09493658180655079,77
81,7766704,7767013,-2.01621728656086,-1.574981199767265,1.0,310
81,7767047,7767100,-1.52801074359211,-1.45115038922039,-0.36341135495330623,54
81,7767112,7767229,-1.435493409607735,-1.26753906109539,-0.41464914549264986,118
81,7767283,7767381,-1.19210205218586,-1.05119091656414,0.08254866098328816,99
81,7767530,7767628,-0.840536378357735,-0.6996254868766401,-0.5207807051699035,99
81,7767653,7767765,-0.665465089295235,-0.5046274400016401,-0.20569252831139342,113
81,7767899,7768023,-0.3153227553108599,-0.13740502789226508,1.0,125
81,7768130,7768200,0.013469236876640072,0.11452661273273493,0.10929421842081403,71
81,7768232,7768277,0.15865014507976508,0.22412402484210991,0.411160108088169,46
81,7768367,7768473,0.3508015122672651,0.50309912249836,-0.2615715605126776,107
81,7768475,7768479,0.50452245953289,0.51163916156086,-0.2615715605126776,5
81,7768501,7768563,0.54152929547039,0.631199952576485,-0.7566492545796435,63
81,7768585,7768635,0.661090086486015,0.73368066546711,-0.6383794424909116,51
81,7768665,7768875,0.77495751812664,1.075282960388985,0.9797042283289435,211
81,7769219,7769300,1.563489500548515,1.6802036146858599,-0.3223531307343922,82
81,7769389,7769450,1.805457762267265,1.893704835388985,-0.8279202605748659,62
81,7769560,7769620,2.048849363829765,2.135673097107735,0.12234114630422917,61
81,7769647,7769981,2.17268017437664,2.64950000140461,1.0,335
81,7769993,7770046,2.6651567368766402,2.74201709124836,-0.5250404372611444,54
81,7770074,7770123,2.780447508361015,2.851614503357735,-0.529157446681489,50
81,7770144,7770223,2.880081297423515,2.99394873187336,-0.09055897723356625,80
81,7770240,7770251,3.016722410704765,3.033802491638985,-0.5009916226236731,12
81,7770253,7770321,3.035225828673515,3.133436280701485,-0.5009916226236731,69
81,7770358,7770403,3.18467675640789,3.2501503920296098,-0.7399262725455159,46
81,7770486,7770540,3.366864500548515,3.44514843890461,-0.49938842432742997,55
81,7770604,7770710,3.534819090392265,3.68711670062336,0.012639960377752979,107
81,7770722,7770843,3.70277343609539,3.876421143982735,-0.4113495018059472,122
81,7770881,7771085,3.92908495953289,4.22087011859211,0.9884248240352745,205
81,7771197,7771364,4.37886132672039,4.617982667420235,-0.2524865938467812,168
81,7771381,7771425,4.64075634625164,4.70480664202961,-0.4214919802213183,45
81,7771498,7771884,4.807287352111015,5.358120851013985,0.7185299079453844,387
81,7771926,7771998,5.41647802593914,5.520382081482735,-0.29127590073054943,73
81,7772078,7772138,5.63282617047039,5.71964990374836,-0.3995494606914148,61
81,7772154,7772209,5.741000242736015,5.820707276795235,-0.4408170758664318,56
81,7772256,7772312,5.88618115093914,5.96731152484211,-0.5166864977134071,57
81,7772441,7772545,6.14949951031414,6.298950440857735,-0.6271798891831922,105
81,7772547,7772599,6.300373777892265,6.37581103656086,-0.6271798891831922,53
81,7772641,7772649,6.43416796734539,6.44697802874836,0.8848272926823039,9
81,7772651,7772877,6.44840136578289,6.771500245545235,0.8848272926823039,227
81,7773066,7773119,7.039088621642265,7.11594922015461,0.33555483612434067,54
81,7773486,7773539,7.63689257672039,7.71375293109211,-0.0629721092634059,54
81,7773596,7773695,7.793460203673515,7.93579443499836,-0.2684101656597715,100
81,7773811,7774025,8.09947900250164,8.40549755999836,1.0,215
81,7774047,7774130,8.43538769390789,8.554948487732736,-0.6406613517241063,84
81,7774278,7774330,8.764179930236015,8.83961718890461,0.04688317548416492,53
81,7774350,7774421,8.86666064312664,8.969141358826485,-0.3096539493673574,72
81,7774692,7774738,9.35344384625164,9.42034082171711,-0.3251529269107678,47
81,7774807,7774892,9.517128172423515,9.63953564593586,-0.11808830091220178,86
81,7774937,7775237,9.702162840392266,10.13058886859211,1.0,301
81,7775251,7775367,10.14909228375164,10.315623292420234,-0.616937858083036,117
81,7775383,7775477,10.33697363140789,10.472191163513985,-0.29897339697281416,95
81,7775501,7775581,10.504927977111015,10.62021875140461,-0.3775422307928233,81
81,7775583,7775679,10.62164208843914,10.759706300232734,-0.3775422307928233,97
81,7775773,7775881,10.89207714703289,11.047221436951485,-0.28362423220417265,109
81,7775935,7775983,11.12265869000164,11.192402589295234,-0.2302983234268429,49
81,7776147,7776263,11.42440722515789,11.59093847796711,-0.10791900069219902,117
81,7776348,7776459,11.710499266173516,11.86991357562336,-0.19445405675000105,112
81,7776491,7776677,11.91403710797039,12.180202393982736,1.0,187
81,7776788,7776846,12.33677001812664,12.420747315857735,-0.6058430530067855,59
81,7776896,7776969,12.490490965392265,12.59581836077961,-0.4952330033071196,74
81,7777134,7777316,12.82924658062664,13.08971826312336,-0.46779752869884356,183
81,7777332,7777349,13.11106835797039,13.13668847796711,-0.6960450768910647,18
81,7777351,7777376,13.13811181500164,13.175118897888986,-0.6960450768910647,26
81,7777529,7777574,13.39146679547039,13.456940675232735,-0.17880311630268345,46
81,7777586,7777667,13.472597410704765,13.58931152484211,-0.31656923379171564,82
81,7777710,7777945,13.64909179547039,13.985000733826485,1.0,236
81,7777948,7778070,13.987847410704765,14.162918702576485,1.0,123
81,7778108,7778171,14.215582273986016,14.30667627093586,0.3377342420471302,64
81,7778234,7778457,14.39492333843914,14.713752198670235,-0.3617872456444674,224
81,7778605,7778647,14.922983641173515,14.984187257263985,-0.9090475480694555,43
81,7778668,7778725,15.012654051329765,15.09520800921711,-0.6900587649101739,58
81,7778767,7778811,15.153565184142264,15.217615479920235,0.1728162782368993,45
81,7778932,7779134,15.388416746642266,15.677355226013985,1.0,203
81,7779136,7779351,15.678778563048516,15.986220460388985,1.0,216
81,7779370,7779410,16.01184081890789,16.07019775531086,-0.2632850042540695,41
81,7779526,7779571,16.233882078673513,16.29935595843586,-0.4088019844305537,46
81,7779951,7780005,16.83880273297039,16.917086671326484,0.011618622427467992,55
81,7780017,7780092,16.932743406798515,17.04091748187336,-0.15639004355283956,76
81,7780324,7780647,17.369709715392265,17.83087255999836,-0.14931689693028424,324
81,7780686,7780904,17.884959715392267,18.196671632263985,1.0,219
81,7780906,7781126,18.198094969298516,18.51265380999836,1.0,221
81,7781185,7781250,18.59520751812664,18.689148194763984,0.007064256332309165,66
81,7781285,7781353,18.73754199078289,18.83575244281086,0.021705274339152925,69
81,7781469,7781494,18.99943701031414,19.03644384906086,-0.15165774247662855,26
81,7781497,7781655,19.03929052593914,19.26560205218586,-0.15165774247662855,159
81,7781714,7781786,19.348156004454765,19.452059815857734,-0.30552042296279747,73
81,7781831,7781910,19.51468701031414,19.628554444763985,0.10621797727308507,80
81,7781985,7782088,19.73388183453289,19.881909425232735,-0.3680649642898182,104
81,7782090,7782092,19.883332762267266,19.887602784607736,-0.3680649642898182,3
82,7806387,7806408,-19.99971093890461,-19.968397215392265,-0.90157273294877,22
82,7806426,7806541,-19.944200440857735,-19.77909277203289,-0.4926617105070608,116
82,7806561,7806609,-19.75204931781086,-19.682305418517267,-1.0,49
82,7806626,7806818,-19.659531983826486,-19.384826902892264,1.0,193
82,7806820,7806903,-19.383403565857733,-19.26384277203289,1.0,84
82,7807078,7807119,-19.01618115374836,-18.956400633361014,-0.1534740246601836,42
82,7807471,7807569,-18.456807374451486,-18.31589648297039,0.124068157984252,99
82,7807599,7807811,-18.27461963031086,-17.971447508361017,1.0,213
82,7807909,7807957,-17.83338330218586,-17.76363964703289,-1.0,49
82,7807978,7808147,-17.735172608826485,-17.493204344298515,-0.33664849758342336,170
82,7808299,7808340,-17.27827978656086,-17.218499266173517,0.0004749477375987268,42
82,7808359,7808757,-17.192879151795236,-16.62496533062664,0.7517649421764473,399
82,7808759,7808783,-16.62354199359211,-16.58795849468914,0.7517649421764473,25
82,7808877,7808961,-16.455587647888986,-16.33460351422039,-0.35506803282689015,85
82,7809200,7809278,-15.995847901795235,-15.88340380718914,-1.0,79
82,7809365,7809468,-15.760996339295234,-15.61296874859539,-0.6688738719547309,104
82,7809504,7809607,-15.56315185687336,-15.415124266173516,-0.8637959606104004,104
82,7809726,7809791,-15.247169679138985,-15.15322900250164,-0.6917707236584907,66
82,7810022,7810023,-14.82586035296711,-14.82301367047039,0.3132206104131698,2
82,7810025,7810070,-14.82159033343586,-14.756116453673515,0.3132206104131698,46
82,7810304,7810396,-14.42447754046711,-14.292106688048515,-0.3560357671899599,93
82,7810632,7810780,-13.957621339295235,-13.745543211486016,-0.11011814320966545,149
82,7810856,7810946,-13.63879248187336,-13.509268309142264,-0.05978401908041078,91
82,7810962,7810967,-13.487918214295235,-13.479378172423514,-1.0,6
82,7810969,7811026,-13.477954835388985,-13.39540087750164,-1.0,58
82,7811118,7811326,-13.265876710388985,-12.968398191954766,-0.5788871603631449,209
82,7811373,7811477,-12.90292431781086,-12.753473387267265,-0.5005432742566106,105
82,7811679,7811736,-12.467381593201486,-12.38482763531414,-0.13966897439065135,58
82,7811739,7811798,-12.381980958435859,-12.296580320861015,-0.13966897439065135,60
82,7811821,7812339,-12.265266847107736,-11.526552000548515,0.6789018946788906,519
82,7812530,7812606,-11.256116944763985,-11.14651952984539,-0.1668079782946012,77
82,7812882,7813075,-10.755100343201486,-10.478971922423515,1.0,194
82,7813161,7813264,-10.35798779437336,-10.20995995953289,-0.8090247097832314,104
82,7813300,7813363,-10.16014306781086,-10.069049070861015,-0.20658441506651398,64
82,7813588,7813630,-9.750220460388984,-9.68901660015789,-0.16175998457366295,43
82,7813652,7813916,-9.65912646624836,-9.281940672423515,1.0,265
82,7813931,7814080,-9.262013917420235,-9.048512449767266,0.0,150
82,7814159,7814201,-8.93749170062336,-8.87628808453289,-0.06698090068295565,43
82,7814203,7814211,-8.87486474749836,-8.86205468609539,-0.06698090068295565,9
82,7814232,7814290,-8.833587647888985,-8.749610594298515,-0.6470108027879846,59
82,7814306,7814412,-8.72826025531086,-8.575962645079764,-0.5247818239991655,107
82,7814503,7814545,-8.44786181781086,-8.38665820172039,-0.6565822604170123,43
82,7814566,7814694,-8.358191163513984,-8.17458007672039,0.6441665143679163,129
82,7814696,7814890,-8.17315673968586,-7.89560497906414,0.6441665143679163,195
82,7814931,7815006,-7.838671143982735,-7.73049706890789,0.33701029767912305,76
82,7815031,7815085,-7.69633691546711,-7.618052977111015,-0.8091348370366614,55
82,7815110,7815296,-7.583892823670235,-7.317727781798515,-0.5599359171918455,187
82,7815298,7815339,-7.316304444763985,-7.256524168517265,-0.5599359171918455,42
82,7815363,7815629,-7.22378711077961,-6.843754637267265,0.9839176821655005,267
82,7815691,7815772,-6.756930909607735,-6.64021679547039,-0.41047570094456176,82
82,7815963,7816389,-6.369781495545235,-5.76201415875164,0.4501191537034322,427
82,7816575,7816771,-5.49869580218586,-5.21829736187664,-0.19500506412730503,197
82,7816806,7816846,-5.16990380999836,-5.111546629454765,-0.7454486667566148,41
82,7816866,7817177,-5.084503175232735,-4.640420164611015,0.839274784336239,312
82,7817191,7817372,-4.621916749451485,-4.362868406798515,0.4900595841353652,182
82,7817464,7817609,-4.23334423968586,-4.02553613140789,-0.3223392525612923,146
82,7817701,7818138,-3.896011964295235,-3.27258788922039,-0.6500354335383981,438
82,7818236,7818245,-3.1345236830452348,-3.120290281798515,-0.22872963016725176,10
82,7818247,7818299,-3.118866944763985,-3.043429930236015,-0.22872963016725176,53
82,7818393,7818451,-2.911058839295235,-2.827081785704765,-0.7559891667920312,59
82,7818471,7818736,-2.800038331482735,-2.421428953673515,1.0,266
82,7818760,7818811,-2.388692140076485,-2.314678465392265,-0.40594304206968373,52
82,7818951,7819005,-2.116833741638985,-2.03854980328289,-0.475905695077469,55
82,7819197,7819241,-1.76669140765461,-1.70264111187664,-0.17589204473751463,45
82,7819425,7819473,-1.44216943499836,-1.372425535704765,-0.1449357024169038,49
82,7819488,7819541,-1.352498780701485,-1.27563818218914,-0.9706135100790575,54
82,7819583,7819792,-1.21728125140461,-0.918379148986015,0.9909552909225273,210
82,7819985,7820026,-0.645097413513985,-0.585317137267265,-0.4702302689132799,42
82,7820029,7820046,-0.582470460388985,-0.5568500962516401,-0.4702302689132799,18
82,7820069,7820127,-0.52553662249836,-0.44155932476726506,0.010261676837069314,59
82,7820242,7820319,-0.2792983412483599,-0.16827758648601507,-0.23072948830018078,78
82,7820514,7820576,0.10785082867351507,0.19752148577960993,-1.0,63
82,7820598,7820647,0.2274116196891401,0.29857885882648494,-0.5620406018888077,50
82,7820690,7820855,0.35835912945476506,0.594634034607735,0.4575941852836501,166
82,7820857,7820973,0.596057371642265,0.76258838031086,0.4575941852836501,117
82,7820989,7821082,0.7839384751578901,0.91773291156086,-0.33117904135136694,94
82,7821160,7821213,1.0273300767203901,1.104190675232735,-0.85639615326482,54
82,7821215,7821330,1.105614012267265,1.27072168109211,-0.85639615326482,116
82,7821452,7821530,1.44294628765789,1.555390382263985,-0.861397881423731,79
82,7821532,7821623,1.556813719298515,1.68776123187336,-0.861397881423731,92
82,7821680,7821829,1.76746826031414,1.98096972796711,-0.42880822417935327,150
82,7821864,7821977,2.029363523986015,2.19162451312336,0.9105251254655436,114
82,7821979,7822156,2.19304785015789,2.44640283343586,0.9105251254655436,178
82,7822189,7822387,2.49194970562664,2.775195069763985,-0.5368431477969371,199
82,7822390,7822443,2.778041746642265,2.854902101013985,-0.5368431477969371,54
82,7822445,7822445,2.8563254380485152,2.857748780701485,-0.5368431477969371,1
82,7822597,7822722,3.072673582579765,3.25201464984211,0.07738735455089166,126
82,7822734,7822786,3.267671629454765,3.343108643982735,0.030384857226598217,53
82,7822802,7822881,3.364458738829765,3.47832617327961,-0.7651682201353055,80
82,7822906,7822956,3.512486570861015,3.585076905701485,-0.5529763885861328,51
82,7822987,7823059,3.6277770982047652,3.73168115374836,-0.7754853826686099,73
82,7823182,7823272,3.90532910015789,4.034853272888985,-0.1191135038753818,91
82,7823400,7823475,4.21561767437664,4.323791749451485,-0.7613878544929601,76
82,7823565,7823590,4.45046923687664,4.48747607562336,-0.26668939829132426,26
82,7823592,7823671,4.48889941265789,4.602766847107735,-0.26668939829132426,80
82,7823691,7824178,4.62981054547039,5.324401612732735,1.0,488
82,7824181,7824218,5.327248289611015,5.38133545062336,1.0,38
82,7824274,7824406,5.45961913922039,5.64892382952961,-0.388424875997415,133
82,7824426,7824469,5.67596728375164,5.73859423968586,0.04258784361560364,44
82,7824536,7824637,5.832534910704765,5.97771582171711,-0.8299401169755265,102
82,7824677,7824687,6.033226316954765,6.048883058045235,-0.8874682705104658,11
82,7824689,7824736,6.050306395079765,6.11862695452961,-0.8874682705104658,48
82,7824782,7824827,6.18267724468914,6.248151124451485,-0.7970514456284113,46
82,7824877,7824927,6.317894773986015,6.39048535296711,-1.0,51
82,7825099,7825149,6.63387695172039,6.70646728656086,-0.33487016291180555,51
82,7825164,7825224,6.72639404156414,6.813218018982735,-1.0,61
82,7825328,7825412,6.95982226422039,7.080806397888985,-0.6593595597969703,85
82,7825414,7825418,7.082229734923515,7.089346436951485,-0.6593595597969703,5
82,7825437,7825920,7.11496679547039,7.803864503357735,1.0,484
82,7825939,7826049,7.829484617736015,7.987475831482735,-0.7407910749845142,111
82,7826100,7826152,8.058642820861015,8.13408007952961,-0.6010128817132238,53
82,7826184,7826238,8.17820361187664,8.256487550232736,-0.5382184425404526,55
82,7826338,7826381,8.39739843609539,8.46002539202961,-1.0,44
82,7826406,7826525,8.494185789611015,8.66498681781086,-0.7711106596520305,120
82,7826538,7826545,8.68206689312664,8.69345361468586,-0.3875248325490541,8
82,7826547,7826654,8.69487695172039,8.84859814593586,-0.3875248325490541,108
82,7826921,7826967,9.227207273986014,9.294104249451484,-0.4023946422563211,47
82,7827112,7827149,9.499065672423516,9.553152589295236,-0.4631555931206006,38
82,7827151,7827153,9.554575926329765,9.558845948670236,-0.4631555931206006,3
82,7827309,7827433,9.779464109923515,9.957382081482734,-0.8177924080554116,125
82,7827805,7827864,10.485442137267265,10.57084277484211,-0.9289738637655671,60
82,7827878,7827997,10.58934619000164,10.760147218201485,-0.6472182479027316,120
82,7828040,7828084,10.81992773297039,10.88397802874836,-1.0,45
82,7828102,7828161,10.90817480328289,10.993575440857734,-1.0,60
82,7828247,7828300,11.11455956890789,11.191420167420235,-1.0,54
82,7828520,7828916,11.503132078673515,12.068199220154609,1.0,397
82,7828919,7829051,12.07104589703289,12.260350343201486,1.0,133
82,7829532,7829622,12.943554930236015,13.07307910296711,-0.28363057062277064,91
82,7829775,7829881,13.28942724468914,13.441724854920235,-0.82073848985862,107
82,7829908,7829974,13.478731688048516,13.57409570452961,-0.3687926397246502,67
82,7830086,7830108,13.732086668517265,13.764823487732736,-0.4535489034738871,23
82,7830110,7830207,13.766246824767265,13.905734620545235,-0.4535489034738871,98
82,7830254,7830517,13.971208250548514,14.34697070452961,1.0,264
82,7830533,7830599,14.36832079937664,14.463684815857736,-0.24028263841413347,67
82,7830717,7830770,14.63021581890789,14.707076417420234,-0.5160973521966722,54
82,7830794,7830850,14.739813231017266,14.82094384906086,-0.06062647151753602,57
82,7830995,7831442,15.02590527203289,15.663562745545235,1.0,448
82,7831509,7831560,15.757503172423515,15.83151709124836,-0.9597394029252635,52
82,7831894,7831896,16.30549023297039,16.30976025531086,-1.0,3
82,7831898,7831954,16.31118359234539,16.392314210388985,-1.0,57
82,7832021,7832063,16.486254637267265,16.54745849749836,-0.25061823438856956,43
82,7832215,7832261,16.76238329937664,16.82928027484211,-0.5057753728244839,47
82,7832441,7832496,17.08405859234539,17.163765870545234,0.9289353266314977,56
82,7832499,7833029,17.166612547423515,17.922407472107736,0.9289353266314977,531
82,7833249,7833655,18.23411962750164,18.81341992327961,1.0,407
82,7833802,7833858,19.02122802593914,19.102358643982736,-0.7909161800237007,57
82,7834004,7834117,19.30874316265789,19.47100439593586,-0.18940026416078512,114
82,7834343,7834489,19.79125634625164,20.0,1.0,147
83,7903423,7903478,-19.939233155701483,-19.85952587750164,-0.1992302152352844,56
83,7903571,7903615,-19.728578370545236,-19.664528074767265,-0.6893105923722929,45
83,7903638,7903686,-19.633214601013986,-19.56347070172039,-0.17105286672457867,49
83,7903719,7904006,-19.51792382952961,-19.10800097515789,1.0,288
83,7904020,7904063,-19.08949755999836,-19.02687060406414,-1.0,44
83,7904103,7904189,-18.971360108826484,-18.84752929547039,-0.485320081625046,87
83,7904332,7904602,-18.645414796326484,-18.259688719298516,0.8863554720096515,271
83,7904657,7904772,-18.182828370545234,-18.017720457579767,0.3847764753754994,116
83,7904789,7904832,-17.994947022888987,-17.932320066954766,-0.245805860832299,44
83,7905060,7905202,-17.60922119281086,-17.405683348204764,-0.5192777588661189,143
83,7905215,7905487,-17.38860302874836,-17.000030516173513,1.0,273
83,7905490,7905558,-16.997183839295236,-16.89897314312664,1.0,69
83,7905690,7905761,-16.712515382263984,-16.61003466656414,-0.4864286904335067,72
83,7906071,7906227,-16.170221925232735,-15.946757078673516,-0.5865385451028615,157
83,7906263,7906375,-15.89693994281086,-15.736102293517265,0.20672251008931342,113
83,7906394,7906652,-15.710482179138985,-15.34183642437664,1.0,259
83,7906664,7906670,-15.32617968890461,-15.31621630718914,-0.2596847012526997,7
83,7906672,7906741,-15.31479297015461,-15.215158934142265,-0.2596847012526997,70
83,7906808,7906938,-15.12121826312336,-14.934760496642266,-0.5620714534168275,131
83,7906972,7907012,-14.88779004046711,-14.82943310406414,-0.8812500556967833,41
83,7907030,7907249,-14.80523632952961,-14.492100828673514,0.7621278356532544,220
83,7907251,7907314,-14.490677491638985,-14.39958349468914,0.7621278356532544,64
83,7907413,7907459,-14.260095948670235,-14.193198973204765,-0.8580675631909976,47
83,7907503,7907620,-14.13199511859211,-13.964040770079764,-0.970021267776465,118
83,7907683,7907789,-13.87579345843586,-13.723495848204765,-0.09549714504257066,107
83,7907816,7907840,-13.68648877093586,-13.65090527203289,0.5547593762110219,25
83,7907843,7907851,-13.64805859515461,-13.63524853375164,0.5547593762110219,9
83,7907855,7908022,-13.63097851702961,-13.39185693218914,0.5547593762110219,168
83,7908064,7908147,-13.33350000140461,-13.213939207579765,-0.1913410212984426,84
83,7908224,7908281,-13.10576513812336,-13.023211180236014,-1.0,58
83,7908584,7908854,-12.59336181781086,-12.207635984923515,1.0,271
83,7909053,7909097,-11.92581396624836,-11.86176367047039,-0.2069905033115805,45
83,7909396,7909498,-11.43760742327961,-11.291003172423515,-0.6754585595144418,103
83,7909646,7909703,-11.081771729920234,-10.999218016173515,-0.42779097336470184,58
83,7909733,7909774,-10.95794091937336,-10.89816064312664,-0.8581676738182356,42
83,7909855,7910011,-10.784293214295236,-10.560828367736015,1.0,157
83,7910109,7910169,-10.42276416156086,-10.335940184142265,-0.30405644789788905,61
83,7910218,7910222,-10.267619874451485,-10.260503172423515,-0.4398629681812636,5
83,7910224,7910265,-10.259079835388984,-10.19929931500164,-0.4398629681812636,42
83,7910406,7910467,-10.000031495545235,-9.91178417828289,-1.0,62
83,7910499,7910724,-9.86766064593586,-9.545985106017264,1.0,226
83,7910750,7910801,-9.510401612732736,-9.43638769390789,0.0,52
83,7910804,7910970,-9.43354101702961,-9.19584277203289,0.0,167
83,7910990,7911030,-9.16879931781086,-9.110442137267265,-0.35053643949734703,41
83,7911047,7911093,-9.087668702576485,-9.020771727111015,-0.637576228991584,47
83,7911109,7911278,-8.999421632263985,-8.757453367736016,-0.3659093386452386,170
83,7911312,7911537,-8.71048291156086,-8.38880761578289,0.7281682598203655,226
83,7911562,7911630,-8.354647218201485,-8.256436766173515,0.02144279985447822,69
83,7911671,7911723,-8.19950293109211,-8.12406591656414,-0.2330026490495101,53
83,7911762,7911809,-8.069978761170235,-8.001658445861015,-0.2421307041644668,48
83,7912042,7912192,-7.67144287249836,-7.45651806500164,0.9558383748899394,151
83,7912316,7912519,-7.281447022888985,-6.99108495953289,-0.5654855758696323,204
83,7912791,7912888,-6.605359132263985,-6.46587158062664,-0.5586430993755277,98
83,7912902,7913014,-6.44736816546711,-6.286530516173515,0.1224351697697426,113
83,7913017,7913185,-6.283683839295235,-6.043138914611015,0.1224351697697426,169
83,7913187,7913307,-6.041715577576485,-5.869490965392265,0.1224351697697426,121
83,7913346,7913395,-5.815404054138985,-5.74423681500164,0.45770015092098204,50
83,7913505,7913545,-5.589092530701485,-5.530735594298515,-0.8626476491004493,41
83,7913722,7913780,-5.280227296326485,-5.19624999859539,1.0,59
83,7913783,7913845,-5.19340332171711,-5.103732664611015,1.0,63
83,7913905,7913956,-5.01975537249836,-4.94574169781414,-0.4920854610154461,52
83,7914089,7914134,-4.75786035296711,-4.69238671734539,-1.0,46
83,7914336,7914369,-4.406294679138985,-4.357901121642265,-1.0,34
83,7914372,7914403,-4.355054444763985,-4.309507566954765,-1.0,32
83,7914830,7914962,-3.70316357562336,-3.51385888531414,-0.513612637154073,133
83,7914964,7914968,-3.51243554827961,-3.50531884625164,-0.513612637154073,5
83,7915000,7915050,-3.46119531390461,-3.388604734923515,-0.943005756820363,51
83,7915073,7915132,-3.357291261170235,-3.27189062359539,-0.18807992107222868,60
83,7915185,7915235,-3.19787695452961,-3.125286375548515,-0.2429626997978285,51
83,7915257,7915300,-3.095396241638985,-3.03276904156414,-0.24851618079295315,44
83,7915313,7915428,-3.01568896624836,-2.850581297423515,0.41817738490126577,116
83,7915460,7915557,-2.806457765076485,-2.666969969298515,0.4481781182498798,98
83,7915642,7915712,-2.54740918109211,-2.44635204937664,-0.6471082664358478,71
83,7915781,7915920,-2.349564698670235,-2.150296629454765,-0.1472762064000056,140
83,7915945,7916028,-2.116136476013985,-1.99657568218914,-0.2248790533458619,84
83,7916047,7916158,-1.97095556781086,-1.81154101422039,0.40001889731336215,112
83,7916160,7916323,-1.81011767718586,-1.576689695861015,0.40001889731336215,164
83,7916494,7916536,-1.334721436951485,-1.2735175767203901,-1.0,43
83,7916658,7916748,-1.101293214295235,-0.97176904156414,-0.6846029380747288,91
83,7916750,7916775,-0.97034570452961,-0.933338621642265,-0.6846029380747288,26
83,7916811,7916988,-0.8835217299202349,-0.630166746642265,0.5776136961477081,178
83,7917103,7917207,-0.4679057631233599,-0.3184545884391401,-0.3655872802952179,105
83,7917346,7917351,-0.12203344867023494,-0.11349340679851506,0.007502851297892059,6
83,7917353,7917393,-0.11207006976398494,-0.053712889220390074,0.007502851297892059,41
83,7917417,7917726,-0.02097607562335993,0.4202602553108599,1.0,310
83,7917746,7917795,0.44730370953289006,0.51847070452961,-0.5451289746755585,50
83,7917900,7917925,0.66649853375164,0.70350537249836,-1.0,26
83,7917928,7917972,0.70635204937664,0.7704023451546099,-1.0,45
83,7918114,7918216,0.97109374859539,1.117697999451485,-0.8457137930602657,103
83,7918289,7918494,1.22017870953289,1.51338720843586,0.6007487192903681,206
83,7918590,7918654,1.64860497906414,1.7411220717171099,0.18283982887900688,65
83,7918765,7918872,1.89768994000164,2.051410890076485,-0.7478889937013121,108
83,7918892,7918938,2.078454344298515,2.14535156390461,0.020355894357881446,47
83,7919026,7919073,2.269182371642265,2.3375026869514848,-0.8656263564181835,48
83,7919086,7919108,2.354582762267265,2.387319581482735,-1.0,23
83,7919111,7919138,2.390166258361015,2.43002002093586,-1.0,28
83,7919213,7919350,2.535347410704765,2.73176855609211,-0.588115371312159,138
83,7919364,7919568,2.75027197125164,3.042057374451485,0.6947791539816248,205
83,7919615,7919655,3.107531004454765,3.16588818499836,-0.3894789383674758,41
83,7919667,7919718,3.18154492047039,3.2555585951546098,-0.564937783297066,52
83,7919720,7919888,3.256982176329765,3.49752685687336,-0.564937783297066,169
83,7919890,7919921,3.49895019390789,3.544497315857735,-0.564937783297066,32
83,7919937,7919980,3.565847410704765,3.628474366638985,-0.15693159120577596,44
83,7920026,7920068,3.69252490093914,3.753728761170235,-0.5919294805608165,43
83,7920157,7920256,3.87898290875164,4.021317140076485,-0.2519210260918483,100
83,7920308,7920364,4.093907469298515,4.17503808734211,-0.0025388222274655356,57
83,7920469,7920685,4.323065672423515,4.63193115374836,0.8439623898665528,217
83,7920728,7920804,4.69171142437664,4.801308839295235,-0.8615937015884924,77
83,7921015,7921057,5.100210691954765,5.16141455218586,-0.47090040947677897,43
83,7921078,7921142,5.18988134625164,5.282398683045235,0.26984230425879124,65
83,7921212,7921221,5.38060937359539,5.39484277484211,0.7188965646436313,10
83,7921223,7921287,5.39626611187664,5.488783448670235,0.7188965646436313,65
83,7921333,7921376,5.552833738829765,5.61546093890461,0.25038208365683634,44
83,7921392,7921485,5.63681103375164,5.770605226013985,1.0,94
83,7921488,7921575,5.773451902892265,5.89870605609211,1.0,88
83,7921619,7921709,5.9599096665641405,6.089433839295235,-0.11522613575975203,91
83,7921726,7921791,6.11220751812664,6.20614795062336,-0.5951611868501194,66
83,7921821,7921996,6.247425047423515,6.497933351013985,-0.4902666708963658,176
83,7922059,7922116,6.586180418517265,6.66873437640461,-1.0,58
83,7922139,7922528,6.70004785015789,7.255151612732735,0.29047040968908233,390
83,7922545,7922667,7.277925047423515,7.45299609515461,-0.9693268320653695,123
83,7922669,7922805,7.45441943218914,7.64941748187336,-0.9693268320653695,137
83,7922835,7922944,7.69069433453289,7.84726220843586,-0.333552818286842,110
83,7923061,7923126,8.012369871642266,8.10631054827961,-1.0,66
83,7923443,7923582,8.556086668517265,8.755354737732734,1.0,140
83,7923604,7923646,8.785244871642265,8.84644873187336,-0.4167688791289923,43
83,7923672,7923716,8.88203222515789,8.94608252093586,-0.5544041057541924,45
83,7923775,7923825,9.028636473204765,9.10122705218586,-1.0,51
83,7923989,7924044,9.33323193218914,9.41293896624836,-0.752985291615484,56
83,7924090,7924132,9.476989500548514,9.538193116638984,-0.46215536964782916,43
83,7924160,7924203,9.57662353375164,9.63925048968586,-0.07077703307373781,44
83,7924324,7924435,9.810051512267265,9.969466065857734,-0.6848395294778055,112
83,7924456,7924457,9.997932859923514,10.000779542420235,-1.0,2
83,7924459,7924496,10.002202879454765,10.056289796326485,-1.0,38
83,7924714,7924967,10.36515527203289,10.726684327576486,0.32003414180979756,254
83,7924969,7925034,10.728107664611015,10.82204834124836,0.32003414180979756,66
83,7925093,7925149,10.90460204937664,10.985732667420235,-0.6122892543449815,57
83,7925268,7925330,11.15368701031414,11.243357667420234,-1.0,63
83,7925332,7925332,11.244781004454765,11.246204347107735,-1.0,1
83,7925345,7925681,11.263284422423515,11.742950929138985,0.8088289768954238,337
83,7925872,7925922,12.013385984923515,12.08597656390461,-1.0,51
83,7925962,7926043,12.14148681500164,12.258200929138985,-0.23554875625797497,82
83,7926315,7926597,12.64392675640789,13.04673291156086,0.9889846118748404,283
83,7926632,7926758,13.09512646343914,13.275890870545235,-0.9571568578561997,127
83,7926770,7926828,13.29154785015789,13.37552490374836,-0.845946942656594,59
83,7926830,7926922,13.37694824078289,13.509319093201485,-0.845946942656594,93
83,7926961,7927111,13.56340624859539,13.77833105609211,1.0,151
83,7927138,7927199,13.81533788922039,13.903585206482735,0.5510545595987932,62
83,7927481,7927530,14.30354443218914,14.37471142718586,-0.3294268578901383,50
83,7927545,7927623,14.394638426329765,14.507082276795234,-0.19607439723407238,79
83,7927849,7927974,14.82733447125164,15.006675538513985,-0.5442810569175065,126
83,7928111,7928360,15.200250242736015,15.55608593890461,1.0,250
83,7928456,7928547,15.691303465392265,15.82225097796711,-0.6948527098095537,92
83,7928625,7928671,15.931848387267266,15.998745362732736,-0.271477633195529,47
83,7928836,7928902,16.232173582579765,16.32753759906086,0.21738031243537137,67
83,7928919,7928963,16.35031103375164,16.414361573670234,0.13703145136895528,45
83,7928990,7929057,16.451368406798515,16.54815576312336,-0.5107904925075152,68
83,7929111,7929187,16.623593016173515,16.733190186951486,0.5070084338808637,77
83,7929189,7929195,16.734613523986017,16.74457714984211,0.5070084338808637,7
83,7929198,7929393,16.74742382672039,17.02639892718586,0.5070084338808637,196
83,7929487,7929602,17.158769773986016,17.32387744281086,-0.6773447522477106,116
83,7929650,7929751,17.390774656798516,17.53595556781086,-0.738272677565441,102
83,7929846,7929892,17.669749754454767,17.73664697406086,0.34627057332294864,47
83,7929932,7930133,17.79215722515789,18.07967236468586,-0.5740138821006571,202
83,7930217,7930382,18.197809813048515,18.434084718201486,1.0,166
83,7930384,7930429,18.435508055236014,18.50098193499836,1.0,46
83,7930445,7930528,18.52233202984539,18.641892823670236,-0.2907015873855055,84
83,7930570,7930823,18.700249754454767,19.06177880999836,-1.0,254
83,7930883,7931123,19.145756102111015,19.48878173968586,1.0,241
83,7931159,7931274,19.53859863140789,19.703706300232735,-0.20598772872743554,116
83,7931412,7931482,19.898704344298515,19.99976172015461,-1.0,71
84,7951521,7951615,-20.0,-19.86508056500164,-1.0,95
84,7951635,7951697,-19.83803711077961,-19.74836669781414,-1.0,63
84,7951700,7951716,-19.74552002093586,-19.721322996642265,-1.0,17
84,7951848,7952066,-19.53486523577961,-19.223153074767264,0.06475328695276174,219
84,7952085,7952176,-19.197532960388983,-19.06658544781414,-0.2072263284965188,92
84,7952391,7952490,-18.76199023577961,-18.61965576031414,-1.0,100
84,7952571,7952630,-18.505788331482734,-18.420387938048513,-0.9474061255306677,60
84,7952661,7952821,-18.37768750140461,-18.148529539611015,1.0,161
84,7952964,7953018,-17.946414796326486,-17.86813085797039,-0.058608414004823854,55
84,7953122,7953169,-17.721526612732735,-17.653206297423516,0.62676118549552,48
84,7953308,7953359,-17.456784913513985,-17.38277099468914,-1.0,52
84,7953402,7953479,-17.32299072406086,-17.211969969298515,-0.8581247257805144,78
84,7953481,7953520,-17.210546632263984,-17.153613035704765,-0.8581247257805144,40
84,7953610,7953674,-17.02693554827961,-16.934418211486015,-0.7395226375843059,65
84,7953686,7953703,-16.918761476013984,-16.89314111187664,1.0,18
84,7953705,7953831,-16.89171777484211,-16.710953367736014,1.0,127
84,7954345,7954409,-15.980778565857735,-15.88826122906414,-0.21633737176284837,65
84,7954529,7954578,-15.718883546326484,-15.64771630718914,0.38224693328918025,50
84,7954656,7954855,-15.53811914202961,-15.253450438048516,0.8536283569211666,200
84,7955048,7955146,-14.980168702576485,-14.83925781109539,0.2642546528006198,99
84,7955251,7955333,-14.691230226013985,-14.57309277203289,-1.0,83
84,7955489,7955588,-14.35247461077961,-14.210140379454765,1.0,100
84,7955590,7955693,-14.208717042420234,-14.06068945172039,1.0,104
84,7955784,7955831,-13.932588624451485,-13.86426806500164,-0.8801926506669275,48
84,7955899,7955961,-13.768904054138986,-13.67923339703289,-0.8434222004696125,63
84,7956134,7956228,-13.43441845843586,-13.299200926329766,0.1803139705171769,95
84,7956325,7956465,-13.16256005999836,-12.961868895079766,1.0,141
84,7956506,7956606,-12.90493505999836,-12.761177488829764,-0.5299097170858315,101
84,7956661,7956710,-12.68431689593586,-12.61314990093914,-0.06702430024071881,50
84,7957189,7957331,-11.93279199359211,-11.729254148986016,1.0,143
84,7957345,7957402,-11.710750733826485,-11.62819677593914,-0.838132335571975,58
84,7957506,7957560,-11.481592530701485,-11.40330859234539,-0.25331411209117105,55
84,7957580,7957700,-11.37626513812336,-11.20404052593914,-0.8999941342719606,121
84,7957718,7957881,-11.17984375140461,-10.94641552593914,-0.5555938371741331,164
84,7958062,7958198,-10.69021386859211,-10.495216063048515,-0.23831016421596568,137
84,7958232,7958475,-10.44824560687336,-10.10095019390789,0.43448776923185783,244
84,7958500,7958545,-10.066789796326486,-10.001316160704764,-0.5627890190277638,46
84,7958567,7958635,-9.971426026795235,-9.87321533062664,-0.429476979118194,69
84,7958775,7958804,-9.67537060687336,-9.63267040875164,-0.6866200544048592,30
84,7958806,7958852,-9.63124707171711,-9.564349852111015,-0.6866200544048592,47
84,7959056,7959209,-9.275411378357735,-9.056216551329765,0.46496099080627173,154
84,7959692,7959768,-8.37016552874836,-8.260568113829764,-0.7873131990328982,77
84,7960011,7960072,-7.9161191420296095,-7.827871824767265,-0.5879470683987658,62
84,7960112,7960306,-7.772361573670235,-7.49480956890789,0.3588871320774634,195
84,7960333,7960421,-7.45780273577961,-7.331125242736015,-0.19110004172371808,89
84,7960513,7960590,-7.20160107562336,-7.090580320861015,-0.07436042602474939,78
84,7960610,7960719,-7.063536866638985,-6.90696923687664,-0.5006656029397971,110
84,7960857,7960914,-6.71197119281086,-6.629417234923515,-0.7517542784968626,58
84,7960956,7961142,-6.571060304138985,-6.304895262267265,-0.6143853856832752,187
84,7961177,7961179,-6.25650146624836,-6.25223144390789,1.0,3
84,7961182,7961378,-6.24938476702961,-5.96898632672039,1.0,197
84,7961484,7961534,-5.8195354017952345,-5.74694482281414,0.48951381342040406,51
84,7961809,7961873,-5.356948976013985,-5.26443163922039,-0.4989091601876078,65
84,7961896,7961948,-5.23311816546711,-5.15768115093914,0.10822818992240761,53
84,7961985,7962172,-5.106440675232735,-4.838852293517265,-1.0,188
84,7962358,7962554,-4.575533936951485,-4.295135496642265,1.0,197
84,7962626,7962683,-4.19407812640461,-4.111524168517265,-0.036275380909517554,58
84,7962806,7962857,-3.93787646624836,-3.863862547423515,-1.0,52
84,7962874,7962997,-3.841089112732735,-3.66459472515789,-0.910228296511839,124
84,7963010,7963065,-3.647514405701485,-3.567807371642265,-1.0,56
84,7963093,7963440,-3.52937695452961,-3.03405370953289,0.9033695603540458,348
84,7963647,7963691,-2.74084521624836,-2.67679492047039,-1.0,45
84,7963781,7963822,-2.550117433045235,-2.49033691265789,-1.0,42
84,7963843,7963902,-2.46187011859211,-2.376469481017265,-1.0,60
84,7963986,7964224,-2.25833203265461,-1.918153074767265,0.5418344186773525,239
84,7964255,7964354,-1.8754528822639849,-1.73311865093914,-0.5892721065751224,100
84,7964410,7964472,-1.6548347182014849,-1.5651643052360151,-0.06654455476401118,63
84,7964826,7965000,-1.06272412249836,-0.8136391587516401,0.9269941885593217,175
84,7965021,7965074,-0.7851723646858599,-0.70831201031414,-0.10210556908450533,54
84,7965207,7965247,-0.5204306654671099,-0.46207372906414007,0.0,41
84,7965475,7965831,-0.13897485492023492,0.3691584486702349,0.24798961742607178,357
84,7965922,7965975,0.4972592759391401,0.5741198744514849,-0.19870625862163455,54
84,7966013,7966067,0.626783445861015,0.70506738421711,-1.0,55
84,7966236,7966462,0.94418896343914,1.26728759906086,0.1662584360239659,227
84,7966492,7966520,1.308564695861015,1.349841554138985,-0.28793071358642836,29
84,7966523,7966574,1.352688231017265,1.42670214984211,-0.28793071358642836,52
84,7966599,7966704,1.46086230328289,1.611736573670235,-1.0,106
84,7966809,7966868,1.75976415875164,1.845164796326485,-0.2985520403640231,60
84,7966899,7966958,1.887864988829765,1.97326562640461,-0.5537460565041518,60
84,7967029,7967077,2.072899656798515,2.142643311951485,-1.0,49
84,7967110,7967400,2.18819042828289,2.602383058045235,0.4377296518065544,291
84,7967527,7967576,2.781724363829765,2.852891358826485,-1.0,50
84,7967685,7967739,3.00661230328289,3.084896241638985,-0.8364206072378388,55
84,7967761,7967884,3.114786375548515,3.291281007263985,-0.6861857785581063,124
84,7968058,7968218,3.537519285704765,3.766677491638985,1.0,161
84,7968304,7968382,3.88766161968914,4.00010547015461,-0.6567225010876975,79
84,7968513,7968596,4.18514013531414,4.304700929138985,-0.4914213545049461,84
84,7968651,7968731,4.38156152203289,4.49685205218586,-0.5623687030741695,81
84,7968744,7968820,4.513932371642265,4.623529542420235,-0.7938769287670484,77
84,7969006,7969138,4.88684814312664,5.076152589295235,1.0,133
84,7969517,7969568,5.6141760239860155,5.68818994281086,-1.0,52
84,7969597,7969657,5.72804345562664,5.814867433045235,-1.0,61
84,7969688,7969787,5.857567625548515,5.999902101013985,-0.4154080478787862,100
84,7969870,7969913,6.11661620953289,6.17924316546711,0.030324752823363624,44
84,7969942,7970066,6.21909667828289,6.39701464984211,1.0,125
84,7970068,7970185,6.39843798687664,6.566392335388985,1.0,118
84,7970199,7970256,6.584895750548515,6.66744970843586,-0.5710042534741091,58
84,7970344,7970434,6.791280516173515,6.92080468890461,-0.8911148592101902,91
84,7970455,7970518,6.94927148297039,7.040365479920235,-1.0,64
84,7970755,7970835,7.37627441265789,7.491565186951485,1.0,81
84,7970837,7970838,7.492988523986015,7.495835206482735,1.0,2
84,7970840,7970930,7.497258543517265,7.62678271624836,1.0,91
84,7971065,7971197,7.817510496642265,8.006815186951485,-0.7199423642231215,133
84,7971372,7971592,8.254476805236015,8.569035401795235,1.0,221
84,7971763,7971820,8.811003660704765,8.89355761859211,-0.6375997055428693,58
84,7972209,7972271,9.44581445172039,9.535485108826485,-0.6018319301864505,63
84,7972285,7972349,9.553988523986016,9.64650586077961,0.0060866714303638375,65
84,7972393,7972493,9.707709715392266,9.85146728656086,-0.9612593306878323,101
84,7972528,7972598,9.89986083843914,10.000918214295234,-1.0,71
84,7972682,7972742,10.11905566265789,10.205879640076486,-0.5499426118500371,61
84,7972772,7972823,10.247156492736014,10.32117041156086,-1.0,52
84,7973047,7973097,10.63857568218914,10.711166261170234,-1.0,51
84,7973138,7973278,10.768099852111016,10.968791261170235,1.0,141
84,7973318,7973385,11.024301512267265,11.12108886859211,-0.45124301812510453,68
84,7973398,7973578,11.13816894390789,11.39579394671711,-0.9467268530944762,181
84,7973652,7973705,11.499697996642265,11.57655859515461,-1.0,54
84,7973738,7973843,11.62210546734539,11.772979737732735,-0.4316170273942501,106
84,7973969,7974116,11.950897703673515,12.16155224749836,1.0,148
84,7974196,7974237,12.273996336486015,12.33377685687336,-1.0,42
84,7974239,7974241,12.33520019390789,12.33947021624836,-1.0,3
84,7974286,7974334,12.40209716656414,12.471841065857735,-0.4982010025289039,49
84,7974446,7974503,12.62983202984539,12.712385987732734,-0.6484747027773722,58
84,7974585,7974662,12.82767675640789,12.938697511170234,-1.0,78
84,7974800,7974820,13.13369531109539,13.163585694763984,-0.6163731434638062,21
84,7974822,7974955,13.165009031798515,13.35573681781086,-0.6163731434638062,134
84,7975009,7975267,13.431174070861015,13.79981982562336,0.4675938477967056,259
84,7975328,7975390,13.88522021343914,13.974890870545234,-1.0,63
84,7975551,7975602,14.202625731017266,14.27663964984211,-0.5792570559849751,52
84,7975617,7975661,14.29656640484539,14.36061670062336,-0.6794312740072204,45
84,7975737,7975894,14.467367430236015,14.692255616638985,1.0,158
84,7975916,7975933,14.722145750548515,14.747765870545235,-1.0,18
84,7975935,7976007,14.749189207579764,14.85309326312336,-1.0,73
84,7976009,7976019,14.85451660015789,14.87017334124836,-1.0,11
84,7976124,7976184,15.01820117047039,15.10502490374836,-0.24706723516400989,61
84,7976308,7976442,15.28009619000164,15.472247315857736,-0.4469120191758785,135
84,7976523,7976596,15.58611474468914,15.691442140076486,-0.09387046407216273,74
84,7976677,7976871,15.80530956890789,16.08286132952961,1.0,195
84,7977055,7977123,16.34333300640789,16.441543702576485,-0.9605077920532404,69
84,7977197,7977252,16.54544775250164,16.62515478656086,-0.8219899178754684,56
84,7977277,7977339,16.659315184142265,16.74898584124836,-1.0,63
84,7977352,7977439,16.76606591656414,16.891320069763985,-0.6931221907276585,88
84,7977451,7977540,16.906976805236017,17.03507763812336,-0.32423359431445903,90
84,7977590,7977810,17.10482128765789,17.419380128357734,1.0,221
84,7977812,7977836,17.420803465392265,17.456386964295234,1.0,25
84,7977850,7977971,17.474890379454767,17.648538331482737,-1.0,122
84,7977989,7978034,17.672735106017264,17.738208741638985,-0.6598599701305352,46
84,7978103,7978152,17.83499609234539,17.906163331482734,-1.0,50
84,7978319,7978405,18.142438231017266,18.26626904437336,-1.0,87
84,7978524,7978580,18.434223387267267,18.51535400531086,-1.0,57
84,7978620,7978779,18.57086425640789,18.79859912249836,1.0,160
84,7978844,7978913,18.889693113829765,18.98932714984211,-0.06295481639851898,70
84,7978939,7978991,19.02491064312664,19.100347901795235,-0.9819877565979814,53
84,7978993,7979003,19.101771238829766,19.117427979920237,-0.9819877565979814,11
84,7979184,7979224,19.373629637267264,19.431986573670233,-0.20275669351707068,41
84,7979226,7979251,19.433409910704764,19.47041699359211,-0.20275669351707068,26
84,7979340,7979387,19.595671141173515,19.663991456482734,-0.9496913050974729,48
84,7979580,7979623,19.937273191954766,19.99990039202961,-1.0,44
85,8051201,8051249,-19.999502686951484,-19.92975878765789,-0.15171581610234455,49
85,8051261,8051262,-19.91410205218586,-19.91125536968914,1.0,2
85,8051264,8051469,-19.90983203265461,-19.61662353375164,1.0,206
85,8051559,8051673,-19.48994580218586,-19.326261473204767,-0.28410309478749834,115
85,8051690,8051805,-19.303488038513986,-19.13838036968914,0.22310480377281897,116
85,8051939,8052002,-18.94907568499836,-18.857981688048515,1.0,64
85,8052004,8052166,-18.856558351013984,-18.624553465392264,1.0,163
85,8052216,8052379,-18.554809815857734,-18.321381590392264,-0.3723404879741061,164
85,8052463,8052512,-18.20324414202961,-18.13207714703289,-0.5661400279527495,50
85,8052678,8052751,-17.89722558734211,-17.791898191954765,-0.39152918045186713,74
85,8052776,8053042,-17.75773779437336,-17.377705320861015,0.8624680569651791,267
85,8053069,8053109,-17.340698487732734,-17.282341551329765,0.3223616912728512,41
85,8053264,8053305,-17.063146729920234,-17.00336620953289,0.590678904684563,42
85,8053325,8053367,-16.97632275531086,-16.91511913922039,0.49664132860987525,43
85,8053381,8053428,-16.89661572406086,-16.828295164611013,0.2857335460256976,48
85,8053462,8053518,-16.781324952576487,-16.70019433453289,-0.24091083610279762,57
85,8053542,8053791,-16.66745752093586,-16.311621824767265,-0.016300962574348755,250
85,8053805,8053846,-16.293118409607736,-16.23333788922039,0.5923552329250842,42
85,8053886,8054086,-16.17782763812336,-15.891735594298515,1.0,201
85,8054100,8054140,-15.873232179138984,-15.814875242736015,-0.31652406627680746,41
85,8054185,8054224,-15.75224804827961,-15.69531445172039,-0.1607169428147993,40
85,8054226,8054270,-15.69389111468586,-15.629840574767265,-0.1607169428147993,45
85,8054286,8054343,-15.608490479920235,-15.52593652203289,-0.2646358633300547,58
85,8054345,8054401,-15.52451318499836,-15.44338281109539,-0.2646358633300547,57
85,8054468,8054734,-15.349442140076485,-14.96940966656414,-0.03951938731296357,267
85,8054790,8055005,-14.891125733826485,-14.583683836486015,1.0,216
85,8055156,8055208,-14.370182374451485,-14.29474511578289,0.03623871566936805,53
85,8055301,8055379,-14.163797608826485,-14.051353758361016,-0.0017967940383702833,79
85,8055396,8055647,-14.02858007952961,-13.669897703673515,-0.31172834991373743,252
85,8055674,8055765,-13.632890870545236,-13.50194335797039,0.03330655711938202,92
85,8055777,8056011,-13.48628662249836,-13.151801023986016,0.624940988263473,235
85,8056106,8056245,-13.01800683734211,-12.818739012267265,-0.4804524048800577,140
85,8056344,8056593,-12.679251222107736,-12.323415770079764,-0.3070819175291688,250
85,8056645,8056690,-12.25082519671711,-12.185351316954765,-0.11605191982719211,46
85,8056692,8056695,-12.183927979920234,-12.178234617736015,-0.11605191982719211,4
85,8056775,8056836,-12.06579052874836,-11.97754345562664,-0.16273901928215181,62
85,8056882,8056924,-11.913492921326485,-11.852289305236015,-0.45810643059063866,43
85,8056970,8057192,-11.78823877093586,-11.47083349468914,1.0,223
85,8057467,8057559,-11.080837647888986,-10.948466551329766,-0.5347707283733337,93
85,8057633,8057725,-10.844562745545234,-10.71219189312664,-0.49802729970848486,93
85,8057878,8057940,-10.49584375140461,-10.406173094298515,-0.5686542333911536,63
85,8057999,8058067,-10.32361914202961,-10.22540869000164,0.059334892364718936,69
85,8058136,8058217,-10.128621339295234,-10.01190722515789,0.1471556123434745,82
85,8058258,8058302,-9.954973390076486,-9.890923094298515,0.07563050967883928,45
85,8058335,8058382,-9.845376222107735,-9.77705566265789,0.3290749397696267,48
85,8058385,8058504,-9.77420898577961,-9.603407957579766,0.3290749397696267,120
85,8058623,8058678,-9.435453370545234,-9.355746336486016,-0.3806505535142164,56
85,8058823,8058969,-9.150784913513984,-8.941553465392264,1.0,147
85,8058971,8059123,-8.940130128357735,-8.722358641173516,1.0,153
85,8059243,8059413,-8.55298095843586,-8.30958935406414,0.1769775478922895,171
85,8059472,8059574,-8.227035401795234,-8.08043115093914,-0.09668721278198557,103
85,8059631,8059726,-8.00072412249836,-7.864083250548515,-0.2170304848266241,96
85,8059778,8059916,-7.79149267718586,-7.59364794781414,1.0,139
85,8059930,8060040,-7.57514453265461,-7.417153563048515,-0.2157761123986526,111
85,8060102,8060147,-7.33032959124836,-7.26485595562664,-0.09002913136178856,46
85,8060150,8060180,-7.26200927874836,-7.217885496642265,-0.09002913136178856,31
85,8060216,8060514,-7.168068604920235,-6.742489012267265,0.0882064195734963,299
85,8060593,8060662,-6.631468507263985,-6.53183447125164,-0.21597543513291462,70
85,8060764,8060988,-6.388076905701485,-6.06782470562664,1.0,225
85,8061006,8061109,-6.04362793109211,-5.895600340392265,-0.31100685287829744,104
85,8061168,8061309,-5.81304638812336,-5.61093163922039,0.17689732643421682,142
85,8061328,8061540,-5.58531152484211,-5.28213964703289,-0.1235483132542853,213
85,8061553,8061628,-5.265059327576485,-5.156885496642265,-0.028589462835440563,76
85,8061661,8061729,-5.11133838031086,-5.013127684142265,0.0,69
85,8061814,8061909,-4.89356689593586,-4.756926023986015,-0.17650565607496102,96
85,8062055,8062153,-4.55054150531086,-4.409630613829765,-0.4636409548865756,99
85,8062396,8062436,-4.06518164202961,-4.006824461486015,0.3100904587617533,41
85,8062480,8062512,-3.945620851013985,-3.89865038922039,-0.008069343892229025,33
85,8062514,8062543,-3.89722705218586,-3.85452685406414,-0.008069343892229025,30
85,8062656,8062726,-3.695112550232735,-3.5940551743766402,-0.12459870409725823,71
85,8062786,8063031,-3.510077882263985,-3.15993554547039,1.0,246
85,8063080,8063110,-3.09161523577961,-3.04749169781414,-0.3293676541067155,31
85,8063112,8063135,-3.04606836077961,-3.011907957579765,-0.3293676541067155,24
85,8063330,8063484,-2.735779542420235,-2.515161375548515,-0.2218836269798933,155
85,8063614,8063693,-2.33155029437336,-2.217682859923515,-0.24588705255141977,80
85,8063695,8063731,-2.216259522888985,-2.16359570172039,-0.24588705255141977,37
85,8063785,8064034,-2.08815869281086,-1.732322996642265,1.0,250
85,8064091,8064177,-1.6526157240608599,-1.528784910704765,-0.4663836988980548,87
85,8064204,8064248,-1.491778077576485,-1.42772753765789,0.224531767459065,45
85,8064276,8064293,-1.38929736468586,-1.36367724468914,-0.6515483254106492,18
85,8064295,8064338,-1.36225390765461,-1.299626707579765,-0.6515483254106492,44
85,8064457,8064673,-1.13167236468586,-0.82280712750164,1.0,217
85,8064692,8064793,-0.797186768982735,-0.65200585797039,-0.027630210994312173,102
85,8064817,8064880,-0.61926904437336,-0.5281750474235151,0.267333530604264,64
85,8064893,8064933,-0.511094972107735,-0.45273803570476506,-0.5239401097609366,41
85,8064954,8065305,-0.4242709974983599,0.07674560687335993,-0.4821956951820717,352
85,8065370,8065431,0.16783935406414008,0.25608667132648494,-0.19801014228724875,62
85,8065670,8065732,0.59484228375164,0.684512940857735,-0.5290925749282189,63
85,8065765,8066043,0.730059813048515,1.12717236468586,0.7853799203182023,279
85,8066276,8066329,1.457387938048515,1.534248292420235,-1.0,54
85,8066360,8066429,1.57694872906414,1.676582765076485,-0.1921815502254509,70
85,8066443,8066642,1.695086180236015,1.979754640076485,1.0,200
85,8066667,8066753,2.013914793517265,2.13774560687336,-0.05399618173066105,87
85,8066789,8066929,2.187562742736015,2.38825390765461,-0.037140553917688356,141
85,8067045,8067101,2.55193847515789,2.63306884906086,-0.3547003097256696,57
85,8067114,8067247,2.650149168517265,2.8408769545296098,1.0,134
85,8067249,8067373,2.84230029156414,3.020218018982735,1.0,125
85,8067449,8067520,3.12696874859539,3.229449464295235,0.008593460065461574,72
85,8067550,8067617,3.27072656109539,3.36751367327961,-0.26342865486396555,68
85,8067630,8067677,3.38459374859539,3.452914308045235,0.2603945366638749,48
85,8067742,8067814,3.54400829937664,3.647912354920235,-0.9844179957810565,73
85,8067826,8067925,3.663569090392265,3.80590332171711,-0.1774711138431942,100
85,8067941,8068049,3.82725341656414,3.982397706482735,-0.07304067006209268,109
85,8068092,8068138,4.04217822125164,4.10907519671711,-0.8073664249219338,47
85,8068188,8068442,4.178819090392265,4.54177148577961,1.0,255
85,8068444,8068476,4.54319482281414,4.59016504046711,1.0,33
85,8068499,8068575,4.6214785142203905,4.731075929138985,-0.328411116608547,77
85,8068595,8068642,4.75811962750164,4.82643994281086,-0.10424321901983138,48
85,8068677,8068875,4.87483349468914,5.158078858826485,-0.1924451739944223,199
85,8069078,8069126,5.445593992736015,5.51533789202961,-0.284473257591427,49
85,8069157,8069354,5.55803808453289,5.83985986468586,1.0,198
85,8069370,8069438,5.86120995953289,5.959420655701485,-0.00700585281229819,69
85,8069440,8069530,5.960843992736015,6.09036816546711,-0.00700585281229819,91
85,8069665,8069705,6.28109619000164,6.33945312640461,0.1854061285530798,41
85,8069717,8069864,6.35510986187664,6.56576464984211,-0.776182486724853,148
85,8069889,8069965,6.59992480328289,6.709522218201485,-0.10972572258774846,77
85,8070123,8070450,6.932987059142265,7.399843507263985,1.0,328
85,8070464,8070613,7.418346922423515,7.631848390076485,-0.36776652238642354,150
85,8070681,8070721,7.72721240093914,7.7855693373421095,-0.5033397055986609,41
85,8070755,8070874,7.83253954937664,8.00334082171711,-0.8984202666001168,120
85,8070931,8070983,8.08304785015789,8.158485108826484,-0.43972707696997215,53
85,8071010,8071075,8.195491941954765,8.28943261859211,-0.289043154823132,66
85,8071088,8071136,8.30651269390789,8.376256593201486,0.15788198222922117,49
85,8071232,8071275,8.51147411968914,8.57410107562336,-0.03534917870394699,44
85,8071287,8071541,8.589758055236015,8.952710206482735,-0.058064784600218834,255
85,8071553,8071638,8.96836718609539,9.090774659607735,-0.310584344710365,86
85,8071676,8071951,9.143438231017265,9.53628076312336,1.0,276
85,8072001,8072192,9.606024656798516,9.879306397888985,-0.303862599016881,192
85,8072315,8072358,10.05295410015789,10.115581300232735,-0.16432625097390677,44
85,8072421,8072548,10.20382861187664,10.386016358826485,-0.3699347689321269,128
85,8072749,8072852,10.670684813048515,10.818712647888985,-0.11647083303253963,104
85,8072915,8072991,10.906959715392265,11.01655713031086,-0.25626486530798537,77
85,8073005,8073051,11.03506054547039,11.101957765076484,-0.7797273970707612,47
85,8073075,8073175,11.134694578673516,11.27845214984211,1.0,101
85,8073177,8073360,11.27987548687664,11.54177050921711,1.0,184
85,8073427,8073477,11.635711180236015,11.70830175921711,0.19508889075776176,51
85,8073808,8074171,12.17800488140789,12.69610156390461,1.0,364
85,8074187,8074231,12.71745165875164,12.78150195452961,-0.4170173406730514,45
85,8074247,8074292,12.802852293517265,12.868325929138985,-0.020512943243929927,46
85,8074294,8074298,12.869749266173516,12.876865968201486,-0.020512943243929927,5
85,8074349,8074418,12.94803320172039,13.047667237732735,-0.6733262276296641,70
85,8074474,8074531,13.125950926329764,13.20850488421711,-0.30400394387765506,58
85,8074723,8074779,13.48036327984539,13.561493897888985,-0.5773548955140657,57
85,8074862,8074959,13.67820800640789,13.817695558045235,-0.6162382969097734,98
85,8074961,8075052,13.819118895079765,13.95006640765461,-0.6162382969097734,92
85,8075091,8075462,14.00415331890789,14.533636964295235,1.0,372
85,8075486,8075546,14.566373777892265,14.65319775531086,0.2042306525914837,61
85,8075548,8075584,14.65462109234539,14.70728466937336,0.2042306525914837,37
85,8075635,8075740,14.778451902892265,14.92932617327961,-0.10806573469983963,106
85,8075754,8075820,14.94782958843914,15.043193604920235,-0.5502232272951771,67
85,8075832,8075898,15.058850340392265,15.15421435687336,-0.48769475042965665,67
85,8075928,8075993,15.19549120953289,15.289431886170235,0.13104690802271315,66
85,8076091,8076138,15.42749609234539,15.49581640765461,-1.0,48
85,8076150,8076316,15.51147314312664,15.74917138812336,1.0,167
85,8076386,8076521,15.847382078673515,16.040956788513984,0.3350842228287318,136
85,8076554,8076627,16.086503660704764,16.19183105609211,-0.3361520954718453,74
85,8076697,8076730,16.290041746642267,16.338435304138986,-0.5503085707234392,34
85,8076732,8076782,16.339858641173514,16.41244922015461,-0.5503085707234392,51
85,8076815,8076860,16.45799609234539,16.523469972107733,-1.0,46
85,8076923,8076973,16.611717039611015,16.68430761859211,-0.1916858064404623,51
85,8077003,8077176,16.72558447125164,16.97324609515461,1.0,174
85,8077207,8077352,17.015946531798516,17.22375439593586,-0.0496174207623271,146
85,8077394,8077437,17.282111570861016,17.344738526795236,-1.0,44
85,8077526,8077582,17.46999267437664,17.551123292420236,-0.2915931470191991,57
85,8077669,8077726,17.67353076031414,17.756084718201485,0.12883670178355,58
85,8077793,8077906,17.850025145079766,18.012286378357736,-0.40209484275309837,114
85,8078120,8078382,18.315458250548517,18.68979736468586,1.0,263
85,8078476,8078503,18.822168211486016,18.86202197406086,-0.30312995873236176,28
85,8078505,8078612,18.86344531109539,19.017166261170235,-0.30312995873236176,108
85,8078689,8078791,19.12534033062664,19.271944581482735,-0.42989491849792366,103
85,8078891,8078955,19.41285546734539,19.505372804138986,-0.05701262259592489,65
85,8078970,8079008,19.525299559142265,19.580809815857734,-1.0,39
85,8079010,8079058,19.582233152892265,19.65197705218586,-1.0,49
85,8079110,8079303,19.724567625548517,20.0,-0.24251683005708405,194
86,8098980,8099077,-20.0,-19.861126463439142,-0.679528327018936,98
86,8099179,8099221,-19.717368897888985,-19.65616503765789,-0.5264980868424263,43
86,8099236,8099741,-19.63623828265461,-18.91602685406414,0.48058207189770713,506
86,8099756,8099898,-18.89610009906086,-18.69256201031414,-0.5737033520597608,143
86,8099953,8100308,-18.61570166156086,-18.10899169781414,0.611902115398669,356
86,8100379,8100422,-18.009357667420236,-17.94673046734539,-0.1925672548468458,44
86,8100575,8100858,-17.73038232562336,-17.326153074767266,0.8925116416261317,284
86,8100883,8100992,-17.291992921326486,-17.13542529156414,-0.8159875164189068,110
86,8101124,8101272,-16.94896728656086,-16.73688915875164,-0.04916116764026229,149
86,8101353,8101668,-16.62302197406086,-16.17324560406414,1.0,316
86,8101763,8101852,-16.039451417420235,-15.91135058453289,-0.12858689776184337,90
86,8101866,8101971,-15.89284716937336,-15.74197265484539,-0.37863911453869314,106
86,8101973,8101998,-15.74054931781086,-15.70354247906414,-0.37863911453869314,26
86,8102016,8102271,-15.67934570452961,-15.314969969298515,0.9812842331531568,256
86,8102273,8102361,-15.313546632263986,-15.18686913922039,0.9812842331531568,89
86,8102377,8102438,-15.16551904437336,-15.077271727111015,-0.367203025324513,62
86,8102571,8102625,-14.88939062640461,-14.811106688048515,-0.44675938250979985,55
86,8103036,8103088,-14.22753613421711,-14.15209911968914,-0.2847178013281168,53
86,8103119,8103223,-14.109398683045235,-13.95994775250164,1.0,105
86,8103225,8103327,-13.95852441546711,-13.811920164611015,1.0,103
86,8103430,8103469,-13.66673925921711,-13.609805418517265,-0.27640958728730103,40
86,8103471,8103512,-13.608382081482734,-13.548601805236014,-0.27640958728730103,42
86,8103527,8103577,-13.528675050232735,-13.45608447125164,-1.0,51
86,8103597,8103719,-13.42904101702961,-13.25396972515789,-1.0,123
86,8103792,8103989,-13.151489015076486,-12.869667234923515,1.0,198
86,8104085,8104089,-12.73444970843586,-12.727333006407891,-0.1356201509486116,5
86,8104092,8104144,-12.72448632952961,-12.649049070861015,-0.1356201509486116,53
86,8104172,8104224,-12.610618897888985,-12.53518163922039,-0.4222295034956548,53
86,8104243,8104327,-12.50956152484211,-12.388577391173515,-0.9004590238347405,85
86,8104412,8104656,-12.26901660296711,-11.92029785015789,1.0,245
86,8104703,8104748,-11.854823976013986,-11.78935009625164,-0.05535628517534643,46
86,8105030,8105087,-11.389390870545235,-11.306837156798515,-0.042286232001629044,58
86,8105138,8105203,-11.23566992327961,-11.141729246642265,-0.2034534253246733,66
86,8105222,8105274,-11.116109132263984,-11.04067187359539,-0.2790471636536592,53
86,8105344,8105411,-10.94246142718586,-10.845674070861016,-0.032801689285296566,68
86,8105502,8105733,-10.71757324359211,-10.387357664611015,1.0,232
86,8105922,8105967,-10.119769288513986,-10.05429540875164,-0.2122114341972328,46
86,8106023,8106184,-9.97601172015461,-9.74543017437664,-0.2622571535965817,162
86,8106304,8106653,-9.576052491638984,-9.077882566954765,0.45570927965524594,350
86,8106678,8106730,-9.04372216937336,-8.96828515484539,-1.0,53
86,8106748,8106950,-8.944088136170235,-8.655149656798516,-0.25790692546770844,203
86,8106969,8107218,-8.629529542420235,-8.27369384625164,0.8820492592109949,250
86,8107335,8107434,-8.108586183045235,-7.96625195172039,0.05363508485423521,100
86,8107468,8107528,-7.919281495545235,-7.83245751812664,-0.16900714487797355,61
86,8107677,8107730,-7.621802979920235,-7.54494238140789,-0.8142349395200859,54
86,8107748,8107795,-7.52074560687336,-7.452425047423515,-0.3507566661592408,48
86,8107863,8108199,-7.357061280701485,-6.877394773986015,1.0,337
86,8108293,8108411,-6.74502392718586,-6.57564599468914,-0.3499465398764697,119
86,8108429,8108543,-6.55144922015461,-6.387764891173515,-0.10853966686304212,115
86,8108756,8108963,-6.08601611468586,-5.78996093609539,1.0,208
86,8108977,8109017,-5.77145752093586,-5.713100340392265,-0.07723964629530776,41
86,8109019,8109084,-5.711677003357735,-5.617736570861015,-0.07723964629530776,66
86,8109108,8109191,-5.58499951312336,-5.465438719298515,-0.520076008585401,84
86,8109234,8109281,-5.405658448670235,-5.33733788922039,-1.0,48
86,8109341,8109388,-5.25336084124836,-5.185040281798515,-0.8210941322605252,48
86,8109480,8109685,-5.05551611468586,-4.76230761578289,1.0,206
86,8109729,8109786,-4.701103761170235,-4.61854980328289,-0.5714924048462227,58
86,8110095,8110153,-4.180160401795235,-4.09618310406414,-0.29863135412034447,59
86,8110166,8110219,-4.07910302874836,-4.00224267437664,-0.1451478247043637,54
86,8110239,8110305,-3.975198976013985,-3.879835203673515,-0.38793119995993375,67
86,8110369,8110443,-3.79016455218586,-3.683413816954765,-0.5408667858456576,75
86,8110459,8110715,-3.662063722107735,-3.2962646470328902,1.0,257
86,8110747,8110798,-3.252140870545235,-3.178127195861015,-0.1145073170135683,52
86,8110813,8110865,-3.158200440857735,-3.08276318218914,-0.06251380789774241,53
86,8110899,8110982,-3.03579297015461,-2.916232176329765,-1.0,84
86,8110997,8111083,-2.896305421326485,-2.77247460797039,0.11995000594751573,87
86,8111138,8111188,-2.695614015076485,-2.62302343609539,-0.5707913370313555,51
86,8111230,8111379,-2.56466650531086,-2.35116503765789,-0.5600611494523794,150
86,8111418,8111703,-2.29707812640461,-1.89000195172039,0.5492383986741841,286
86,8111742,8111787,-1.83591504046711,-1.770441160704765,-0.6509035933602672,46
86,8111790,8111863,-1.767594483826485,-1.662267332579765,-0.6509035933602672,74
86,8111875,8111928,-1.64661035296711,-1.56974999859539,-0.9014338363633809,54
86,8111985,8112171,-1.490042726013985,-1.223877684142265,-0.3364948219267354,187
86,8112185,8112263,-1.205374268982735,-1.09293017437664,-0.4803880467437255,79
86,8112284,8112400,-1.06446338031086,-0.89793212750164,0.9358007301137005,117
86,8112402,8112570,-0.89650879046711,-0.65596386578289,0.9358007301137005,169
86,8112588,8112643,-0.63176709124836,-0.55206005718914,-0.6260821214332905,56
86,8112689,8112867,-0.4880095228889849,-0.23323119976726508,0.0,179
86,8112961,8113123,-0.10086035296710993,0.13114453265460993,-0.5902800923873299,163
86,8113147,8113213,0.16388134625164008,0.2592453627327349,-0.36065872411243116,67
86,8113252,8113378,0.3133322739860151,0.4940969252327349,-0.8163858984487733,127
86,8113442,8113596,0.58376757672039,0.804385499451485,0.7654028346816584,155
86,8113598,8113659,0.805808836486015,0.89405615374836,0.7654028346816584,62
86,8113729,8113858,0.992266844298515,1.17730127093586,-0.13422263373697857,130
86,8113893,8113942,1.225695066954765,1.296862061951485,-0.49128137795474586,50
86,8113967,8114059,1.3310224595328901,1.463393311951485,-0.05145810153332265,93
86,8114104,8114177,1.526020262267265,1.63134765765461,-0.41340510435471167,74
86,8114197,8114249,1.6583911118766401,1.7338283705452349,-0.8778235550775366,53
86,8114278,8114494,1.773681883361015,2.08254736468586,-0.5183290745427575,217
86,8114519,8114629,2.11670751812664,2.274698487732735,0.011885004156754076,111
86,8114655,8114793,2.31028222515789,2.508126710388985,0.08255712334555548,139
86,8114850,8115059,2.5878339829703902,2.88673584124836,-0.2693027866454895,210
86,8115142,8115197,3.003449949767265,3.08315722796711,-0.20642126282168202,56
86,8115210,8115271,3.10023730328289,3.188484620545235,-0.5039133698858131,62
86,8115292,8115355,3.216951414611015,3.30804541156086,-0.5322166600156862,64
86,8115468,8115673,3.467459715392265,3.760668214295235,-0.410370320665367,206
86,8115700,8115773,3.79767529156414,3.90300244281086,-0.028319077615994358,74
86,8115795,8116167,3.932892820861015,4.463799561951485,1.0,373
86,8116185,8116373,4.487996336486015,4.757008058045235,-0.043364200223769245,189
86,8116375,8116377,4.758431395079765,4.762701417420235,-0.043364200223769245,3
86,8116655,8116709,5.156967527892265,5.235251222107735,0.5715736730949157,55
86,8116750,8116818,5.2921850571891405,5.39039550921711,-0.09634420005230364,69
86,8116841,8116994,5.421709227111015,5.64090380999836,-0.5938794270821941,154
86,8117017,8117136,5.672217527892265,5.84301855609211,-0.5240093524715287,120
86,8117154,8117209,5.86721533062664,5.946922608826485,-0.3123076243979883,56
86,8117321,8117430,6.10491357281414,6.261481202576485,-0.09474866683088282,110
86,8117527,8117734,6.398122313048515,6.694177491638985,1.0,208
86,8117736,8117911,6.695600828673515,6.946109132263985,1.0,176
86,8117963,8118020,7.01869970562664,7.10125341937336,-0.18546231184560535,58
86,8118036,8118116,7.12260351422039,7.237894288513985,-0.48672067089271565,81
86,8118358,8118502,7.58091992047039,7.78730468890461,-0.15276704821372872,145
86,8118548,8118651,7.85135497906414,7.99938281390461,-0.6761841575834566,104
86,8118668,8118745,8.02215624859539,8.133177003357735,-0.4761708462941552,78
86,8118761,8118822,8.154527098204765,8.242774171326484,-0.45038745055758156,62
86,8118958,8119122,8.434925535704766,8.669777101013985,0.6373406393086987,165
86,8119137,8119177,8.689703856017266,8.748061036560859,-0.9036065407662193,41
86,8119209,8119254,8.79218456890789,8.85765820452961,-0.5015081915201663,46
86,8119643,8119738,9.409915281798515,9.54655615374836,-0.4474893372957641,96
86,8119758,8119862,9.57359960797039,9.723050538513984,-0.05061196988401502,105
86,8119877,8119976,9.74297753765789,9.885311768982735,-0.1791065017495819,100
86,8120046,8120186,9.98352245953289,10.184213624451486,-0.27421951397377203,141
86,8120292,8120342,10.33366454937664,10.406255128357735,-0.15066899310877685,51
86,8120420,8120557,10.51585253765789,10.712273683045234,-0.6593159456009859,138
86,8120586,8120685,10.75212744000164,10.894461671326486,-0.02537642252560235,100
86,8120738,8120846,10.96847558453289,11.123619874451485,-0.8736249955115464,109
86,8120918,8120974,11.22467724468914,11.30580761859211,-0.3809615441229581,57
86,8121174,8121294,11.589052977111015,11.76127734515461,1.0,121
86,8121296,8121376,11.76270068218914,11.877991456482736,1.0,81
86,8121486,8121536,12.03313574078289,12.105726319763985,-0.9340022712903342,51
86,8121561,8121632,12.139886473204765,12.24236718890461,-0.049876689019811515,72
86,8121844,8121926,12.54269238140789,12.660829835388984,-0.5738890525680928,83
86,8121983,8122076,12.74053710797039,12.874331300232734,-0.006403935190856239,94
86,8122110,8122176,12.921301512267265,13.01666552874836,-0.15793071227604477,67
86,8122200,8122471,13.04940234234539,13.436551515076484,0.977036786202378,272
86,8122473,8122476,13.437974852111015,13.44366845843586,0.977036786202378,4
86,8122506,8122559,13.48494531109539,13.56180566546711,-0.45746310812852137,54
86,8122647,8122713,13.685636473204765,13.78100048968586,-0.04876355062956305,67
86,8122729,8122771,13.80235058453289,13.863554444763984,-0.6722372967696459,43
86,8122813,8122867,13.921911375548515,14.00019531390461,0.11582967856944461,55
86,8122942,8123085,14.105522703673515,14.310484132263985,1.0,144
86,8123087,8123198,14.311907469298514,14.47132177874836,1.0,112
86,8123272,8123393,14.575225828673515,14.74887353656086,-0.25718899663747413,122
86,8123437,8123493,14.810077391173515,14.891207765076485,-0.06800730659951712,57
86,8123713,8123783,15.20291992047039,15.303977296326485,-0.10872519803389452,71
86,8123897,8123950,15.46481494000164,15.54167529437336,-0.615371210327693,54
86,8124007,8124271,15.621382566954765,15.99856836077961,-0.352810160341628,265
86,8124273,8124280,15.999991697814139,16.01137841937336,-0.352810160341628,8
86,8124849,8124853,16.819837156798513,16.826953858826485,-0.11806215797416549,5
86,8124856,8124901,16.829800535704766,16.895274171326484,-0.11806215797416549,46
86,8124919,8125396,16.91947119000164,17.599828858826484,1.0,478
86,8125429,8125523,17.64537597515789,17.780593507263983,-0.46203582740618404,95
86,8125550,8125618,17.817600340392264,17.91581103656086,-0.7283510849759305,69
86,8125645,8125696,17.95281786968914,18.026831788513984,-0.5781341463323992,52
86,8125731,8125805,18.075225340392265,18.18197607562336,-0.6280698461394737,75
86,8125834,8125888,18.22182958843914,18.300113526795236,-0.744605763514694,55
86,8125944,8126037,18.378397215392265,18.512191651795234,-0.43692046404908397,94
86,8126039,8126058,18.513614988829765,18.542081788513986,-0.43692046404908397,20
86,8126080,8126126,18.571971922423515,18.63886914202961,-0.5802972340956671,47
86,8126140,8126181,18.65737255718914,18.71715283343586,-0.9273766542901766,42
86,8126218,8126596,18.768393309142265,19.307840089295237,1.0,379
86,8126647,8126708,19.37900732281414,19.46725439593586,0.2749221027282723,62
86,8126752,8126847,19.528458250548514,19.66509912249836,-0.2765902099260682,96
86,8126864,8126949,19.68787255718914,19.810280030701485,-0.7771234418962801,86
86,8126967,8127080,19.834476805236015,19.996738038513985,-0.3905690467633056,114
87,8149294,8149668,-19.94155175921711,-19.40779833843914,0.61889940059969,375
87,8149771,8149942,-19.26261718890461,-19.01780224468914,-1.0,172
87,8149968,8150046,-18.98221875140461,-18.869774656798516,-0.29297350023647134,79
87,8150127,8150485,-18.75590722796711,-18.24492724468914,1.0,359
87,8150543,8150595,-18.16379687640461,-18.088359617736014,-1.0,53
87,8150686,8150690,-17.96025879046711,-17.95314208843914,-0.5137678148752233,5
87,8150693,8150884,-17.95029541156086,-17.67701367047039,-0.5137678148752233,192
87,8150961,8151205,-17.568839601013984,-17.22012060406414,-0.3171243052043294,245
87,8151220,8151290,-17.20019384906086,-17.099136473204766,-1.0,71
87,8151452,8151510,-16.869978272888986,-16.78600097515789,-0.288559128872862,59
87,8151539,8151603,-16.74614746234211,-16.653630125548514,-1.0,65
87,8151663,8151725,-16.569653077576486,-16.47998242047039,-0.7488133163710017,63
87,8151795,8151876,-16.381771729920235,-16.26505761578289,0.004349655149251066,82
87,8151937,8151966,-16.179656983826487,-16.136956785704765,-0.7238534472125853,30
87,8151968,8152015,-16.135533448670234,-16.067213133361015,-0.7238534472125853,48
87,8152018,8152148,-16.064366456482734,-15.877908445861015,-0.7238534472125853,131
87,8152177,8152300,-15.838054933045235,-15.661560301329764,-0.7523887371970069,124
87,8152323,8152412,-15.630246827576485,-15.50214599468914,-0.5547018388940895,90
87,8152606,8152684,-15.22744091937336,-15.114996824767266,-1.0,79
87,8152686,8152690,-15.113573487732735,-15.106456785704765,-1.0,5
87,8152703,8152783,-15.089376710388985,-14.97408593609539,-0.9264173616571993,81
87,8152797,8152841,-14.95558252093586,-14.891531981017264,-0.7443695641254486,45
87,8152866,8152927,-14.857371827576484,-14.76912451031414,-1.0,62
87,8153015,8153199,-14.645293702576485,-14.381975340392264,-1.0,185
87,8153227,8153285,-14.343545167420235,-14.25956786968914,-1.0,59
87,8153288,8153519,-14.25672119281086,-13.926505613829764,-1.0,232
87,8153586,8153661,-13.832565186951484,-13.72439111187664,-0.4038421805202785,76
87,8153675,8153833,-13.705887452576485,-13.47957617047039,0.15474079122894793,159
87,8153925,8153967,-13.350052003357735,-13.28884814312664,-0.13598069668594376,43
87,8154020,8154121,-13.21483447406086,-13.06965331890789,-0.11406832699078095,102
87,8154134,8154224,-13.05257324359211,-12.923049070861016,-0.8102401830406692,91
87,8154244,8154291,-12.896005616638986,-12.82768505718914,-1.0,48
87,8154335,8154470,-12.76648144671711,-12.57290673687664,1.0,136
87,8154472,8154612,-12.57148339984211,-12.370792234923515,1.0,141
87,8154667,8154723,-12.29393164202961,-12.212801023986016,-1.0,57
87,8154747,8154821,-12.180064210388984,-12.07331347515789,0.5085238435896817,75
87,8154906,8154948,-11.953752686951486,-11.892549070861016,-0.4570662211510763,43
87,8155050,8155221,-11.74879150531086,-11.50397656109539,-0.7125917746707099,172
87,8155237,8155287,-11.48262646624836,-11.410035887267265,0.7977419299882931,51
87,8155348,8155657,-11.32463525531086,-10.883399168517265,0.16213118527247744,310
87,8155659,8155737,-10.881975831482736,-10.76953173687664,0.16213118527247744,79
87,8155739,8155809,-10.76810839984211,-10.667051023986016,0.16213118527247744,71
87,8155858,8155976,-10.59873047015461,-10.429352781798515,-0.44054052396624,119
87,8156018,8156242,-10.370995851013985,-10.05074365093914,0.6479192530836058,225
87,8156244,8156264,-10.04932031390461,-10.01943017437664,0.6479192530836058,21
87,8156330,8156467,-9.926912843201485,-9.730491453673515,-0.3985552306190699,138
87,8156469,8156507,-9.729068116638985,-9.673557859923514,-0.3985552306190699,39
87,8156559,8156612,-9.60096728656086,-9.52410693218914,-0.7847339501710462,54
87,8156628,8156672,-9.502756593201484,-9.438706297423515,-0.10093199707988335,45
87,8156685,8156837,-9.421626222107735,-9.203854734923516,1.0,153
87,8156839,8156885,-9.202431397888985,-9.135534422423515,1.0,47
87,8156933,8157301,-9.06863720843586,-8.54342382672039,-0.9886556401159375,369
87,8157324,8157548,-8.512110108826485,-8.191858152892266,0.6539810347861313,225
87,8157580,8157765,-8.147734620545235,-7.88299267437664,-0.30188942572200744,186
87,8157846,8157971,-7.769125245545235,-7.58978417828289,0.0,126
87,8157994,8158072,-7.55847070452961,-7.446026609923515,-0.6061424955522989,79
87,8158084,8158255,-7.430369874451485,-7.185554930236015,0.9431067395667815,172
87,8158258,8158316,-7.182708253357735,-7.09873095562664,0.9431067395667815,59
87,8158350,8158426,-7.05176074359211,-6.942163328673515,-0.5908575245973692,77
87,8158456,8158530,-6.90088623187336,-6.79413574078289,-0.8084046252849687,75
87,8158550,8158620,-6.767092042420235,-6.666034910704765,-0.9555545951275047,71
87,8158622,8158649,-6.664611573670235,-6.62475781109539,-0.9555545951275047,28
87,8158761,8158983,-6.466766847107735,-6.14936132672039,0.46785791642637964,223
87,8159094,8159148,-5.992793702576485,-5.914510008361015,-0.6259065692885486,55
87,8159175,8159199,-5.87750293109211,-5.84191943218914,0.24107153931215272,25
87,8159201,8159243,-5.84049609515461,-5.779292234923515,0.24107153931215272,43
87,8159245,8159260,-5.777868897888985,-5.755095457579765,0.24107153931215272,16
87,8159345,8159408,-5.63553466937336,-5.54444091656414,-0.44342963163812604,64
87,8159431,8159480,-5.513127198670235,-5.441960203673515,0.02367526796961519,50
87,8159493,8159665,-5.424880128357735,-5.178641844298515,1.0,173
87,8159681,8159807,-5.15729150531086,-4.976527098204765,-0.40715094982738176,127
87,8159809,8159842,-4.975103761170235,-4.926710203673515,-0.40715094982738176,34
87,8159870,8160067,-4.88827978656086,-4.60645800640789,-0.5146703442350383,198
87,8160081,8160124,-4.58795459124836,-4.525327391173515,-0.494838116349463,44
87,8160169,8160244,-4.462700440857735,-4.35452636578289,-0.45133678030322255,76
87,8160264,8160387,-4.32748291156086,-4.15098827984539,1.0,124
87,8160389,8160446,-4.14956494281086,-4.06701122906414,1.0,58
87,8160468,8160625,-4.037120851013985,-3.81223290875164,-0.39487051524624794,158
87,8160684,8160747,-3.729678956482735,-3.63858495953289,-0.43219907583172945,64
87,8160763,8160831,-3.61723486468586,-3.519024168517265,-0.46798597135342573,69
87,8160873,8161196,-3.4606672377327348,-2.999504148986015,0.506478916549502,324
87,8161402,8161505,-2.707718995545235,-2.559691160704765,-0.14091722279019842,104
87,8161527,8161815,-2.529801026795235,-2.11845507672039,0.9403307450556347,289
87,8162115,8162207,-1.69287548968586,-1.560504637267265,-0.41425074757945096,93
87,8162228,8162603,-1.532037843201485,-0.996861082579765,0.36751553218674,376
87,8162621,8162716,-0.972664308045235,-0.836023191954765,-0.5424911263220314,96
87,8162770,8162818,-0.760586183045235,-0.69084228375164,-0.4113032019593668,49
87,8162833,8162951,-0.67091552874836,-0.501537840392265,-0.5003725706758039,119
87,8162983,8163090,-0.4574140639046099,-0.3036931138297651,1.0,108
87,8163092,8163184,-0.3022697767952349,-0.1698989243766401,1.0,93
87,8163300,8163415,-0.006214601013984928,0.15889331195148493,-0.012050931123866822,116
87,8163458,8163555,0.21867358257976507,0.35816113421710993,-1.0,98
87,8163594,8163685,0.41224828961101506,0.5431958021858599,-1.0,92
87,8163709,8163896,0.57593261578289,0.84352099749836,-1.0,188
87,8163908,8164039,0.85917773297039,1.04705908343586,0.8913915095527182,132
87,8164324,8164419,1.451288328673515,1.58792920062336,-1.0,96
87,8164440,8164636,1.61639599468914,1.896794679138985,0.7768687089483588,197
87,8164651,8164715,1.916721434142265,2.00923877093586,0.15074005690172612,65
87,8164728,8165114,2.02631884625164,2.57715234515461,-0.40121192761404556,387
87,8165146,8165308,2.621276121642265,2.85328076312336,0.8941400922001601,163
87,8165439,8165511,3.03831542828289,3.142219483826485,-1.0,73
87,8165746,8166017,3.475281492736015,3.862430909607735,0.27763350799018743,272
87,8166040,8166088,3.893744383361015,3.963488038513985,0.2740439819976258,49
87,8166129,8166312,4.02042187359539,4.28231689593586,-0.18567104773509696,184
87,8166314,8166328,4.28374023297039,4.30509033343586,-0.18567104773509696,15
87,8166344,8166501,4.32644042828289,4.55132861468586,-0.5425030566445395,158
87,8166530,8166676,4.59118212750164,4.80041357562336,1.0,147
87,8166736,8166845,4.884390867736015,5.04095849749836,-0.06258144692748072,110
87,8166904,8166962,5.123512449767265,5.207489503357735,-0.1558184125188351,59
87,8167043,8167218,5.32135693218914,5.57186523577961,-0.24279785575566143,176
87,8167252,8167503,5.618835691954765,5.97751806781086,0.8213151481104772,252
87,8167505,8167587,5.97894140484539,6.097078858826485,0.8213151481104772,83
87,8167648,8167731,6.182479246642265,6.30204004046711,-1.0,84
87,8167834,8167974,6.447220945861015,6.647912354920235,1.0,141
87,8167997,8168097,6.679225828673515,6.82298339984211,-1.0,101
87,8168099,8168170,6.82440673687664,6.926887452576485,-1.0,72
87,8168187,8168331,6.94966113140789,7.156045655701485,-0.7967256293967866,145
87,8168516,8168685,7.417940672423515,7.659908936951485,1.0,170
87,8168687,8168691,7.661332273986015,7.668448976013985,1.0,5
87,8168748,8168795,7.74815624859539,7.816476808045235,-0.9415726358423133,48
87,8168867,8168933,7.917533934142265,8.01289795062336,-0.5429109741508755,67
87,8168984,8169071,8.084065184142265,8.20931933734211,-0.8949510545231283,88
87,8169083,8169204,8.22497607281414,8.398623780701485,-0.7310818252361317,122
87,8169264,8169280,8.48260107281414,8.506797852967109,1.0,17
87,8169283,8169429,8.50964452984539,8.71887597796711,1.0,147
87,8169565,8169638,8.911027098204766,9.01635449359211,-0.5518805803681869,74
87,8169640,8169684,9.01777783062664,9.081828370545235,-0.5518805803681869,45
87,8169732,8169851,9.148725340392264,9.319526612732735,-1.0,120
87,8169949,8169980,9.45759081890789,9.50313769671711,-0.18466677763023961,32
87,8169982,8169989,9.50456103375164,9.51594775531086,-0.18466677763023961,8
87,8170065,8170141,9.622698484923514,9.73229589984211,-1.0,77
87,8170153,8170486,9.74795263531414,10.22334912249836,1.0,334
87,8170600,8170640,10.384186766173515,10.44254394671711,-0.8047063157157682,41
87,8170679,8170724,10.49663085797039,10.562104737732735,-1.0,46
87,8170737,8170832,10.579184813048515,10.71582568499836,-0.27489583582440374,96
87,8170852,8170950,10.74286913922039,10.883780030701486,-1.0,99
87,8171079,8171383,11.065968016173516,11.50008740374836,0.40501505741392796,305
87,8171658,8171745,11.890083250548516,12.01533740374836,-0.91533636840313,88
87,8171757,8171835,12.030994383361016,12.143438233826485,-1.0,79
87,8171934,8172191,12.282926023986015,12.65014843890461,1.0,258
87,8172399,8172544,12.94478027203289,13.15258838031086,-0.3808078130705975,146
87,8172611,8172832,13.24652880718914,13.562510987732734,0.055725544247309265,222
87,8172834,8172988,13.563934324767265,13.784552491638985,0.055725544247309265,155
87,8173013,8173068,13.818712645079765,13.89841992327961,-0.04690166908040055,56
87,8173083,8173262,13.91834667828289,14.17454834124836,-0.7582613637611577,180
87,8173411,8173419,14.38520312359539,14.39801318499836,-0.6203013557323193,9
87,8173421,8173502,14.39943652203289,14.516150636170234,-0.6203013557323193,82
87,8173563,8173797,14.601551023986016,14.93603662249836,1.0,235
87,8173809,8173873,14.95169335797039,15.044210694763985,-1.0,65
87,8173885,8173942,15.059867430236014,15.14242138812336,-0.16585905211783375,58
87,8173994,8174044,15.21501171734539,15.287602296326485,-1.0,51
87,8174135,8174369,15.41570312359539,15.750188722107735,1.0,235
87,8174423,8174483,15.825625731017265,15.91244970843586,-0.8762916415723612,61
87,8174517,8174592,15.95941992047039,16.067593995545234,0.09703618866044757,76
87,8174684,8174816,16.19711816265789,16.38642285296711,-0.34403436570796253,133
87,8174929,8175204,16.545837156798516,16.93867968890461,1.0,276
87,8175207,8175223,16.94152636578289,16.96572314593586,1.0,17
87,8175239,8175414,16.987073484923513,17.237581788513985,-0.9351609437671858,176
87,8175441,8175464,17.274588621642266,17.308748780701485,-1.0,24
87,8175466,8175518,17.310172117736016,17.38560937640461,-1.0,53
87,8175654,8175795,17.577760496642266,17.779875245545234,1.0,142
87,8175797,8175823,17.781298582579765,17.819728761170236,1.0,27
87,8175886,8175972,17.90797607281414,18.031806886170234,-0.9289176490793505,87
87,8176046,8176211,18.13571093609539,18.37198584124836,-0.4322688675235891,166
87,8176245,8176290,18.41895605328289,18.484429933045234,-0.5914601871416106,46
87,8176379,8176387,18.60968408062664,18.62249414202961,0.5601187343510123,9
87,8176389,8176683,18.62391747906414,19.043803468201485,0.5601187343510123,295
87,8176695,8176773,19.059460203673517,19.17190429827961,-0.46904139879496975,79
87,8176808,8176877,19.220298094298514,19.319931886170234,-0.8755878553461975,70
87,8176907,8176967,19.36120898297039,19.448032960388986,-0.5072987495653101,61
87,8177160,8177302,19.721314695861015,19.92485254046711,-0.32963371135105907,143
87,8177320,8177355,19.949049559142264,20.0,-1.0,36
88,8248387,8248534,-20.0,-19.78960351422039,0.384379704540272,148
88,8248633,8248680,-19.650115968201487,-19.58179540875164,-1.0,48
88,8248725,8248787,-19.51916845843586,-19.429497801329767,-0.12105827852668812,63
88,8248846,8249308,-19.34694384906086,-18.687936277892266,0.9072062878307403,463
88,8249332,8249346,-18.655199464295237,-18.633849363829764,-0.21904680964621978,15
88,8249348,8249394,-18.632426026795233,-18.56552880718914,-0.21904680964621978,47
88,8249478,8249557,-18.447391358826486,-18.33352392437664,0.2757852783275191,80
88,8249794,8249868,-17.997614991638986,-17.890864500548513,-0.4123435587080245,75
88,8249912,8249983,-17.82966064593586,-17.727179930236016,-0.489965029121844,72
88,8250044,8250095,-17.641779542420235,-17.56776562359539,-0.01195411560933951,52
88,8250113,8250176,-17.54356884906086,-17.452474852111013,-0.03396242236195619,64
88,8250192,8250383,-17.431124757263984,-17.157843016173516,1.0,192
88,8250399,8250447,-17.136492921326486,-17.06674902203289,0.28689935530083915,49
88,8250523,8250583,-16.959998292420234,-16.87317431500164,0.19084443955848512,61
88,8250655,8250761,-16.77211718890461,-16.61981933453289,-0.05830262278442655,107
88,8250837,8250882,-16.513068604920235,-16.447594969298514,-0.4045285810122043,46
88,8250928,8251161,-16.38354443499836,-16.05048242047039,0.9546183737947356,234
88,8251163,8251200,-16.04905908343586,-15.994971922423515,0.9546183737947356,38
88,8251286,8251374,-15.87398779437336,-15.747310301329765,-0.2350929193801037,89
88,8251538,8251620,-15.515305421326484,-15.39716796734539,-0.3369726792196691,83
88,8251643,8251732,-15.36585449359211,-15.237753660704765,0.06658607320613764,90
88,8251771,8251804,-15.183666749451485,-15.13527294781414,-0.08540848711661089,34
88,8251806,8251912,-15.13384961077961,-14.981552000548515,-0.08540848711661089,107
88,8251960,8252160,-14.914655030701486,-14.62856298687664,0.9943812206405107,201
88,8252172,8252239,-14.61290625140461,-14.516118895079765,0.108132832575184,68
88,8252405,8252515,-14.281267335388986,-14.12327636578289,-0.3909862273891174,111
88,8252531,8252607,-14.10192627093586,-13.992328856017265,-0.2233470561213165,77
88,8252689,8252927,-13.87703808734211,-13.536859129454765,1.0,239
88,8253346,8253401,-12.941902101013985,-12.86219482281414,-0.12155413212204011,56
88,8253441,8253552,-12.80668457171711,-12.64727001812664,-0.04620935516444454,112
88,8253697,8253771,-12.442308839295235,-12.33555810406414,-0.17833355392415903,75
88,8253883,8253928,-12.17756689593586,-12.11209326031414,-0.39681922510249557,46
88,8254008,8254110,-11.999649171326485,-11.85304492047039,-0.22569077062783288,103
88,8254131,8254179,-11.82457812640461,-11.754834227111015,-0.0495915063348261,49
88,8254181,8254221,-11.753410890076484,-11.695053953673515,-0.0495915063348261,41
88,8254239,8254289,-11.67085693499836,-11.59826660015789,-0.30517364059062996,51
88,8254301,8254344,-11.58260986468586,-11.519982664611016,-0.18752839006524824,44
88,8254370,8254424,-11.484399171326485,-11.40611523297039,-0.30389070544689495,55
88,8254534,8254626,-11.250970948670235,-11.11860009625164,-0.09320226188118656,93
88,8254650,8254697,-11.08586328265461,-11.017542723204764,0.09203242646719689,48
88,8254912,8254991,-10.712947511170235,-10.59908007672039,-0.26248007093532194,80
88,8255003,8255258,-10.58342334124836,-10.219047606017265,1.0,256
88,8255279,8255331,-10.19058056781086,-10.11514355328289,0.4682546938169381,53
88,8255343,8255367,-10.09948681781086,-10.063903074767264,-0.06471945610880268,25
88,8255369,8255444,-10.062479737732735,-9.95430566265789,-0.06471945610880268,76
88,8255522,8255615,-9.84470849749836,-9.71091406109539,0.06317545478489842,94
88,8255660,8255753,-9.64828711077961,-9.514492918517265,0.1926101234390321,94
88,8255930,8255983,-9.263984620545235,-9.18712402203289,-0.09512705576474316,54
88,8256003,8256062,-9.16008056781086,-9.074679930236014,-0.16591821269520093,60
88,8256132,8256205,-8.976469483826484,-8.87114208843914,0.026299910771524403,74
88,8256223,8256288,-8.84694531390461,-8.753004637267265,0.31796812416027836,66
88,8256356,8256532,-8.65764062640461,-8.40570898297039,1.0,177
88,8256566,8256613,-8.35873877093586,-8.290418211486015,-0.4841074628238185,48
88,8256625,8256755,-8.274761476013985,-8.088303465392265,-0.2677993928291635,131
88,8256767,8256918,-8.072646729920235,-7.85629882672039,-0.16728710672738967,152
88,8257127,8257190,-7.560243409607735,-7.46914941265789,0.23401695893521798,64
88,8257273,8257318,-7.352435304138985,-7.286961668517265,-0.38786561895105987,46
88,8257363,8257447,-7.22433447406086,-7.103350340392265,0.020900114820752082,85
88,8257608,8257691,-6.87561572406086,-6.756054930236015,0.20671412571380146,84
88,8257922,8258083,-6.42868603656086,-6.19810449078289,-0.23206974336553518,162
88,8258128,8258234,-6.13547754046711,-5.98317968609539,0.0075843456397962,107
88,8258297,8258499,-5.89493261859211,-5.605993895079765,-0.4211082937497789,203
88,8258534,8258579,-5.557600343201485,-5.49212646343914,-1.0,46
88,8258633,8258828,-5.41668945452961,-5.13771435406414,-0.028683851007463627,196
88,8258874,8258925,-5.073663819763985,-4.99964990093914,-0.4965580697530302,52
88,8259005,8259026,-4.887205811951485,-4.855892332579765,-0.28843470087427037,22
88,8259028,8259071,-4.854468995545235,-4.791842039611015,-0.28843470087427037,44
88,8259264,8259409,-4.518560304138985,-4.310752195861015,0.27200004950958123,146
88,8259423,8259498,-4.292248780701485,-4.18407470562664,-0.10255205110114025,76
88,8259500,8259521,-4.18265136859211,-4.15133788922039,-0.10255205110114025,22
88,8259597,8259660,-4.044587159607735,-3.95349316265789,0.3401051930412404,64
88,8259703,8259859,-3.893712647888985,-3.67024804547039,-0.28676685296394877,157
88,8259925,8259990,-3.577730714295235,-3.48379003765789,0.17192745246311547,66
88,8260008,8260061,-3.45959326312336,-3.382732664611015,-0.19985379335800407,54
88,8260115,8260680,-3.307295655701485,-2.50168359234539,1.0,566
88,8260683,8260817,-2.49883691546711,-2.306685789611015,1.0,135
88,8260926,8261031,-2.152964601013985,-2.00209033062664,0.1575944352175008,106
88,8261067,8261131,-1.95227343890461,-1.859756102111015,0.0,65
88,8261225,8261270,-1.72738525531086,-1.661911375548515,-0.10198054801812045,46
88,8261303,8261430,-1.616364503357735,-1.43417675640789,-0.16543112003072777,128
88,8261472,8261672,-1.375819581482735,-1.089727781798515,1.0,201
88,8261695,8261740,-1.058414308045235,-0.99294042828289,-0.3761929547278916,46
88,8261893,8262097,-0.77659228656086,-0.48480712750164007,-0.1295384536111944,205
88,8262125,8262191,-0.4463769545296099,-0.3510129380485151,-0.19703167176575065,67
88,8262263,8262441,-0.24995556781085992,0.004822755310859928,1.0,179
88,8262611,8262745,0.2453676743766401,0.4375190443733599,0.23989782353952904,135
88,8262993,8263051,0.78908447125164,0.873061768982735,-0.0593516489293666,59
88,8263053,8263057,0.874485106017265,0.881601808045235,-0.0593516489293666,5
88,8263117,8263393,0.9655791001578901,1.359844972107735,1.0,277
88,8263416,8263582,1.3911584458610151,1.6288566908577349,-0.15749977973532792,167
88,8263597,8263652,1.648783445861015,1.72849072406086,-0.7863339196224199,56
88,8263670,8263720,1.75268749859539,1.825278077576485,-0.5172516492956549,51
88,8263736,8263856,1.846628172423515,2.01885254046711,-0.15895189807026822,121
88,8263885,8263940,2.058706297423515,2.138413331482735,-0.2087954953255995,56
88,8264001,8264048,2.22381396343914,2.292134522888985,0.34537908576315673,48
88,8264108,8264199,2.376111570861015,2.50705908343586,-0.19961510575667363,92
88,8264267,8264307,2.602423094298515,2.66078027484211,-0.022551383872912285,41
88,8264435,8264475,2.841544676329765,2.899901612732735,-0.619740640995218,41
88,8264552,8264683,3.00807568218914,3.19595703265461,-0.09030784226185917,132
88,8264870,8264912,3.46069872906414,3.52190234515461,0.04992873385354767,43
88,8264958,8265310,3.585952879454765,4.088392823670235,1.0,353
88,8265379,8265458,4.18518017437664,4.299047608826485,-0.9982999814305319,80
88,8265483,8265680,4.333207762267265,4.615029542420235,0.105947304386289,198
88,8265706,8265922,4.65061327984539,4.95947851702961,0.14331115518709417,217
88,8265955,8265997,5.00502538922039,5.066229249451485,0.09959646487479885,43
88,8266088,8266159,5.19433007672039,5.296810792420235,-0.04414004478958361,72
88,8266214,8266343,5.373671141173515,5.558705811951485,-0.10873566227844697,130
88,8266597,8266605,5.91881152203289,5.93162158343586,0.32985440332016486,9
88,8266607,8266699,5.93304492047039,6.065415772888985,0.32985440332016486,93
88,8266900,8266991,6.350084227111015,6.48103173968586,-0.43597356955366856,92
88,8267075,8267128,6.599169188048515,6.67602978656086,-1.0,54
88,8267230,8267709,6.819787352111015,7.502991944763985,0.4940652501570279,480
88,8267813,8267871,7.64959619000164,7.733573487732735,-0.07082094612670337,59
88,8267890,8267999,7.759193602111015,7.91576123187336,-0.19731018383126955,110
88,8268114,8268228,8.078022215392265,8.241706788513985,-0.2174079561055866,115
88,8268329,8268397,8.38404101422039,8.482251710388985,-0.029802999736482275,69
88,8268575,8268686,8.734183348204764,8.89359765765461,0.15756389434432086,112
88,8268762,8268785,9.000348387267264,9.034508546326485,0.08813097636449721,24
88,8268787,8268811,9.035931883361014,9.071515382263986,0.08813097636449721,25
88,8268850,8268927,9.12560253765789,9.236623292420235,-0.02241642844269401,78
88,8268943,8268972,9.257973387267265,9.300673585388985,-0.7783848790756426,30
88,8268974,8268991,9.302096922423514,9.327717042420234,-0.7783848790756426,18
88,8269080,8269622,9.45297119000164,10.225846436951485,1.0,543
88,8269694,8269738,10.32690380718914,10.39095410296711,-0.3170239172216499,45
88,8269808,8269892,10.489164793517265,10.61014892718586,-0.6454190629612833,85
88,8269943,8269993,10.68131591656414,10.753906495545236,0.5011867098085402,51
88,8269995,8270013,10.755329832579765,10.782373292420235,0.5011867098085402,19
88,8270130,8270157,10.947481199767266,10.987334718201485,-0.34434204476087854,28
88,8270159,8270172,10.988758055236016,11.008684815857736,-0.34434204476087854,14
88,8270174,8270269,11.010108152892265,11.14674902484211,-0.34434204476087854,96
88,8270383,8270519,11.307586668517265,11.502584718201485,-0.3760749701608461,137
88,8270575,8270650,11.58086865093914,11.689042726013986,-0.5288450563626136,76
88,8270694,8270759,11.750246336486015,11.84418701312336,-0.12800474429988412,66
88,8270762,8270764,11.84703369000164,11.85130371234211,-0.12800474429988412,3
88,8270786,8270832,11.88119384625164,11.948091065857735,0.0741762034697821,47
88,8270864,8270953,11.992214598204765,12.12031543109211,-0.2332776598423628,90
88,8270972,8271028,12.14593554547039,12.227066163513985,-0.2559069581269163,57
88,8271082,8271146,12.302503172423515,12.39502050921711,-0.36204990922002084,65
88,8271224,8271277,12.504617918517265,12.58147851702961,0.32390282939009296,54
88,8271366,8271431,12.706732664611016,12.800673097107735,-0.30244241240080727,66
88,8271451,8271504,12.82771679547039,12.90457714984211,-0.13160426365434402,54
88,8271547,8271587,12.964357664611015,13.022714601013986,-0.1980090858676129,41
88,8271682,8271855,13.15650878765789,13.40417041156086,1.0,174
88,8271857,8271940,13.40559374859539,13.525154542420236,1.0,84
88,8271942,8272173,13.526577879454765,13.85679345843586,1.0,232
88,8272190,8272250,13.87956689312664,13.966390870545235,0.9558051051653981,61
88,8272350,8272464,14.10730175640789,14.270986085388985,0.0016326970737509767,115
88,8272979,8273046,15.002584227111015,15.09937158343586,0.25620968077116063,68
88,8273116,8273592,15.197582273986015,15.87651660296711,1.0,477
88,8273633,8273721,15.933450438048515,16.06012793109211,-0.5023808066729102,89
88,8273723,8273729,16.06155126812664,16.07151464984211,-0.5023808066729102,7
88,8273741,8273917,16.08717138531414,16.33910302874836,-0.24966925338675303,177
88,8273919,8273977,16.34052636578289,16.424503663513985,-0.24966925338675303,59
88,8274179,8274386,16.710595457579764,17.006650636170235,1.0,208
88,8274408,8274472,17.03654101422039,17.12905810687336,-0.3584999202991679,65
88,8274635,8274689,17.35963964703289,17.437923585388987,0.17838167798960228,55
88,8274706,8274816,17.460697020079763,17.61868798968586,-0.15915644912620083,111
88,8274857,8274921,17.675621824767266,17.76813916156086,-0.15036743163700447,65
88,8274971,8275088,17.83788281109539,18.00583740374836,-0.009067889310939463,118
88,8275283,8275406,18.28196581890789,18.458460206482734,-0.20228827869331104,124
88,8275419,8275460,18.475540281798516,18.53532080218586,-0.8621259835258533,42
88,8275509,8275601,18.60364111187664,18.736011964295233,-0.28530317617331274,93
88,8275634,8275826,18.78155908062664,19.05626416156086,1.0,193
88,8275828,8276064,19.05768749859539,19.395019776795234,1.0,237
88,8276093,8276134,19.434873289611016,19.49465380999836,-0.06538688931559979,42
88,8276136,8276157,19.49607714703289,19.52739062640461,-0.06538688931559979,22
88,8276225,8276281,19.622754637267263,19.703885011170236,-0.5759387830679565,57
88,8276328,8276417,19.76935888531414,19.897459718201485,-0.4925958744407877,90
88,8276476,8276489,19.98001367047039,19.99994043109211,0.33439297416612535,14
89,8300987,8301007,-19.84743457171711,-19.81754443218914,0.558804727115457,21
89,8301009,8301410,-19.81612109515461,-19.24393749859539,0.558804727115457,402
89,8301424,8301597,-19.225433839295235,-18.977772215392264,0.0176336951184627,174
89,8301611,8301708,-18.959268800232735,-18.81978124859539,-0.14855485197981352,98
89,8301784,8301852,-18.713030518982734,-18.61481982281414,-0.8066475096646032,69
89,8301889,8301912,-18.56357959124836,-18.52941943218914,-0.5579231872555255,24
89,8301914,8301966,-18.52799609515461,-18.452558836486016,-0.5579231872555255,53
89,8302102,8302144,-18.26040771624836,-18.199203856017267,-0.4819346604903903,43
89,8302180,8302302,-18.149386964295235,-17.974315672423515,-0.3350203448878864,123
89,8302374,8302421,-17.87325830218586,-17.80493798687664,0.1660210066225048,48
89,8302513,8302674,-17.675413819763985,-17.444832273986016,1.0,162
89,8302690,8302732,-17.423482179138986,-17.36227831890789,-0.7409938578564068,43
89,8302766,8302904,-17.31530810687336,-17.11746337750164,-0.17498673971940373,139
89,8302975,8303041,-17.01782959124836,-16.922465574767266,-0.7914837160144204,67
89,8303138,8303336,-16.78582470843586,-16.502579344298514,0.8187523837709016,199
89,8303338,8303380,-16.501156007263987,-16.439952391173517,0.8187523837709016,43
89,8303487,8303572,-16.28907812640461,-16.166670652892265,-0.2652057584656082,86
89,8303727,8303789,-15.947475831482736,-15.85780517437664,-0.3004391638074669,63
89,8303840,8303909,-15.78663818499836,-15.687004148986015,0.09142795496840206,70
89,8304130,8304201,-15.37386865374836,-15.271387938048514,0.11260157375241904,72
89,8304342,8304541,-15.07212011859211,-14.78745165875164,-0.083700660380997,200
89,8304662,8304789,-14.61665039202961,-14.434462645079766,-0.3717441761702516,128
89,8304802,8304974,-14.417382569763985,-14.171144285704765,1.0,173
89,8304990,8305047,-14.14979394671711,-14.06724023297039,0.6874642000560824,58
89,8305281,8305427,-13.735601319763985,-13.526369871642265,-0.24206250524024842,147
89,8305429,8305438,-13.524946534607736,-13.510713133361016,-0.24206250524024842,10
89,8305506,8305680,-13.41534912249836,-13.16626415875164,1.0,175
89,8305820,8305888,-12.968419679138986,-12.87020898297039,-0.21562829996833646,69
89,8305901,8305973,-12.85312890765461,-12.749224852111015,-0.7357405414945069,73
89,8305991,8306048,-12.725028077576486,-12.64247411968914,-0.7721789473590007,58
89,8306070,8306119,-12.61258398577961,-12.541416746642264,-0.7522670038471436,50
89,8306233,8306301,-12.38057910296711,-12.282368406798515,-0.5973971739520751,69
89,8306303,8306304,-12.280945069763986,-12.278098387267265,-0.5973971739520751,2
89,8306480,8306691,-12.029013429138985,-11.727264891173515,0.7132979651894245,212
89,8306708,8306774,-11.704491456482735,-11.60912744000164,-0.8840584005837581,67
89,8306799,8306910,-11.57496728656086,-11.41555273297039,-0.17131255575270388,112
89,8306962,8307015,-11.34296240374836,-11.266101805236016,0.13065215653136023,54
89,8307039,8307166,-11.233364991638984,-11.051177000548515,-0.12576358405946764,128
89,8307295,8307374,-10.86898925921711,-10.755121824767265,1.0,80
89,8307376,8307485,-10.753698487732734,-10.59713085797039,1.0,110
89,8307550,8307611,-10.506036866638985,-10.41778954937664,0.22417655513285886,62
89,8307666,8307727,-10.34092920062336,-10.252681883361015,0.0035113575026040856,62
89,8307765,8307875,-10.20001806781086,-10.042027098204764,0.12287186512880727,111
89,8307898,8307989,-10.010713624451485,-9.87976611187664,-0.039663040714380045,92
89,8308013,8308075,-9.84702929827961,-9.757358641173514,0.8841570681699308,63
89,8308077,8308097,-9.755935304138985,-9.726045164611016,0.8841570681699308,21
89,8308100,8308327,-9.723198487732734,-9.39867626812664,0.8841570681699308,228
89,8308507,8308817,-9.14389795062336,-8.70123827984539,0.57024931166237,311
89,8308829,8308877,-8.68558154437336,-8.61583788922039,-0.08158928054870093,49
89,8308958,8309014,-8.501970460388986,-8.42083984234539,-0.24256991032648248,57
89,8309016,8309106,-8.41941650531086,-8.289892332579765,-0.24256991032648248,91
89,8309118,8309186,-8.274235597107735,-8.17602490093914,-0.40434023479383174,69
89,8309312,8309320,-7.998107179138985,-7.985297117736015,0.23524128741629138,9
89,8309322,8309358,-7.983873780701485,-7.93120995953289,0.23524128741629138,37
89,8309388,8309454,-7.88993310687336,-7.794569090392265,-0.41090201626631356,67
89,8309468,8309517,-7.776065675232735,-7.70489843609539,-0.7847044344637963,50
89,8309629,8309711,-7.546907472107735,-7.42877001812664,-0.6880759961015133,83
89,8309726,8309861,-7.40884326312336,-7.21526855328289,1.0,136
89,8310064,8310134,-6.92775341937336,-6.8266960435172654,-0.0034328485953285513,71
89,8310293,8310545,-6.601807862732735,-6.24170214703289,0.6473262225884981,253
89,8310706,8310783,-6.013967530701485,-5.90294677593914,-0.4236538946079556,78
89,8310845,8310925,-5.816122804138985,-5.70083202984539,-1.0,81
89,8310939,8311156,-5.68232861468586,-5.372039793517265,-0.48970275528953316,218
89,8311180,8311384,-5.339302979920235,-5.047517820861015,1.0,205
89,8311414,8311534,-5.00624072406086,-4.834016356017265,0.03291724262268876,121
89,8311687,8311746,-4.617668214295235,-4.532267820861015,-0.0584245267188199,60
89,8311783,8311896,-4.48102734515461,-4.318766356017265,-0.21395973158978213,114
89,8311946,8312083,-4.24902246234211,-4.052601316954765,-0.2303059608437632,138
89,8312085,8312095,-4.051177979920235,-4.035521238829765,-0.2303059608437632,11
89,8312108,8312361,-4.01844091937336,-3.65691210797039,0.664748324243336,254
89,8312455,8312507,-3.52454101702961,-3.44910400250164,-0.7356366394716317,53
89,8312664,8312711,-3.22706250140461,-3.15874218609539,-0.7689025332185165,48
89,8312740,8312989,-3.118888429138985,-2.7630527329703902,-0.2036775474742275,250
89,8313106,8313226,-2.597945069763985,-2.42572070172039,0.0,121
89,8313285,8313327,-2.343166749451485,-2.28196288922039,-1.0,43
89,8313341,8313402,-2.26345947406086,-2.17521240093914,-0.2963127656491877,62
89,8313438,8313495,-2.125395265076485,-2.04284130718914,-1.0,58
89,8313559,8313735,-1.95317089984211,-1.70123925640789,0.5772149540201557,177
89,8313801,8313860,-1.608721925232735,-1.52332128765789,0.10129794093715196,60
89,8313977,8314064,-1.358213624451485,-1.23295947125164,-0.5407085684788344,88
89,8314146,8314215,-1.1176687025764849,-1.01803466656414,-0.9198469092518656,70
89,8314321,8314364,-0.868583741638985,-0.80595654156414,1.0,44
89,8314366,8314470,-0.80453320452961,-0.655082273986015,1.0,105
89,8314587,8314690,-0.4899746107796099,-0.3419470200797651,-0.42815159344109016,104
89,8314720,8314882,-0.3006699232796099,-0.06866528179851507,0.10514908467907533,163
89,8314912,8314916,-0.02738818499835993,-0.02027148297039007,-0.1915010879595327,5
89,8314918,8315012,-0.01884814593585993,0.11636938617023493,-0.1915010879595327,95
89,8315024,8315096,0.13202612164226507,0.23593017718585993,-0.5858892407495895,73
89,8315257,8315321,0.4636650376578901,0.556182374451485,-0.4582328658421263,65
89,8315530,8315657,0.852237547423515,1.03442529437336,1.0,128
89,8315736,8315792,1.145446043517265,1.22657666156086,-0.8407493088084352,57
89,8316418,8316615,2.116165770079765,2.397987550232735,1.0,198
89,8316712,8316830,2.5346286607047652,2.70400634906086,-0.5862186712140824,119
89,8316899,8316994,2.800793699767265,2.9374345717171098,1.0,96
89,8316996,8317039,2.93885790875164,3.00148486468586,1.0,44
89,8317110,8317165,3.101118895079765,3.18082617327961,0.006025480322357711,56
89,8317291,8317419,3.358743895079765,3.542355226013985,-0.35669383936366517,129
89,8317559,8317651,3.74019970562664,3.872570558045235,-0.8327070654625003,93
89,8317715,8317782,3.96224120953289,4.059028565857735,0.17924958245560096,68
89,8317785,8317789,4.061875242736015,4.068991944763985,0.17924958245560096,5
89,8317872,8317916,4.18570605328289,4.24975634906086,-0.24632936009883638,45
89,8318046,8318100,4.43336767437664,4.51165136859211,-0.30831140774341687,55
89,8318128,8318194,4.550081785704765,4.64544580218586,-0.6911403767323145,67
89,8318298,8318391,4.792050047423515,4.92584423968586,-0.6282105519800586,94
89,8318418,8318607,4.96285107281414,5.23328613421711,1.0,190
89,8318633,8318745,5.268869871642265,5.42970752093586,0.22238290088012197,113
89,8318932,8318988,5.69444921734539,5.775579835388985,0.002627136984128,57
89,8318990,8319147,5.777003172423515,6.001891358826485,0.002627136984128,158
89,8319187,8319363,6.057401609923515,6.309333253357735,1.0,177
89,8319376,8319429,6.326413328673515,6.40327392718586,-0.7716753073542201,54
89,8319487,8319625,6.48440429547039,6.68224902484211,-0.1650178853921462,139
89,8319704,8319809,6.793269773986015,6.94414404437336,0.2753501525732552,106
89,8319811,8319813,6.94556738140789,6.94983740374836,0.2753501525732552,3
89,8319815,8319971,6.95126074078289,7.17472558734211,0.2753501525732552,157
89,8319973,8320173,7.17614892437664,7.46224072406086,0.2753501525732552,201
89,8320511,8320584,7.94190722515789,8.047234620545234,-0.2893726017225176,74
89,8320761,8320801,8.297742918517265,8.35610009906086,-1.0,41
89,8320817,8321037,8.37745019390789,8.69200879046711,1.0,221
89,8321077,8321158,8.747519285704765,8.86423339984211,-0.785599079626525,82
89,8321160,8321164,8.86565673687664,8.87277343890461,-0.785599079626525,5
89,8321181,8321318,8.89554687359539,9.09196826312336,-0.4046352476832279,138
89,8321348,8321396,9.13324511578289,9.20298877093586,-0.5887306712411037,49
89,8321597,8321655,9.487657469298515,9.571634522888985,-0.17477494095948204,59
89,8321753,8321805,9.709698973204764,9.785135987732735,-1.0,53
89,8321934,8322104,9.967323973204765,10.210715577576485,-0.2760374705128052,171
89,8322184,8322241,10.323159422423515,10.40571338031086,-0.0738234619807181,58
89,8322273,8322343,10.449837156798514,10.550894288513986,-0.6163069803371906,71
89,8322345,8322360,10.552317625548515,10.57509130999836,-0.6163069803371906,16
89,8322383,8322467,10.60640478375164,10.727388917420235,-0.3918063439157776,85
89,8322607,8322667,10.92523339703289,11.012057374451485,-0.35329671413241354,61
89,8322769,8322925,11.15581494000164,11.37927978656086,-0.1702742446194754,157
89,8322928,8322934,11.38212646343914,11.39208984515461,-0.1702742446194754,7
89,8323051,8323424,11.557197508361016,12.08952783343586,1.0,374
89,8323448,8323602,12.12226464703289,12.34288281390461,-0.12014211360691116,155
89,8323620,8323704,12.36707958843914,12.488063722107736,-0.06739509370167175,85
89,8323717,8323769,12.505143797423514,12.58058105609211,0.06571614097181273,53
89,8323781,8324014,12.59623779156414,12.929300050232735,-0.6957640857812074,234
89,8324040,8324105,12.964883543517265,13.05882422015461,0.09223761795002712,66
89,8324139,8324269,13.10579443218914,13.292252198670235,-0.32449698378750047,131
89,8324291,8324402,13.32214257672039,13.481556886170235,-0.2883493839234648,112
89,8324462,8324707,13.56553417828289,13.915676515076486,1.0,246
89,8324709,8324752,13.917099852111015,13.979726808045235,1.0,44
89,8324785,8324889,14.025273680236015,14.174724854920235,-0.33836612299487995,105
89,8324996,8325074,14.32559911968914,14.438043214295234,-1.0,79
89,8325236,8325301,14.667201414611014,14.761141847107735,0.8956560649611254,66
89,8325303,8325420,14.762565184142264,14.930519776795235,0.8956560649611254,118
89,8325657,8325710,15.266428465392265,15.34328906390461,-1.0,54
89,8325756,8325850,15.407339598204764,15.54255713031086,-0.9704367291717184,95
89,8325921,8326013,15.64219091656414,15.77456201312336,-0.8356905084625056,93
89,8326095,8326352,15.88985253765789,16.257074952576485,0.9496156628669401,258
89,8326418,8326467,16.34959228375164,16.420759522888986,-0.43214837813215645,50
89,8326610,8326672,16.62287402203289,16.712544679138986,-0.3991355843492164,63
89,8326720,8326801,16.77944189312664,16.896156007263986,-0.4481902741768397,82
89,8327223,8327359,17.495383055236015,17.690381104920235,1.0,137
89,8327487,8327664,17.871145750548514,18.124500733826483,-0.7442768367881447,178
89,8327666,8327667,18.125924070861014,18.128770753357735,-0.7442768367881447,2
89,8327697,8327791,18.170047606017263,18.30526513812336,-1.0,95
89,8327913,8328033,18.477489500548515,18.649714112732735,-0.35414089391083114,121
89,8328069,8328265,18.699531004454766,18.979929444763986,1.0,197
89,8328469,8328532,19.26886816265789,19.359962159607736,-0.6417970842307484,64
89,8328545,8328611,19.377042234923515,19.472406007263984,-1.0,67
89,8328623,8328670,19.48806298687664,19.55638330218586,0.33223577792326536,48
89,8328692,8328746,19.58627343609539,19.664557374451483,-0.2550256601028747,55
89,8328810,8328848,19.75422802593914,19.80973828265461,1.0,39
89,8328850,8328982,19.81116161968914,20.0,1.0,133
90,8396346,8396435,-19.955902589295235,-19.82780175640789,0.362111192240277,90
90,8396504,8396574,-19.731014405701487,-19.629957273986015,-0.03081005168745445,71
90,8396628,8396919,-19.55452002093586,-19.138904051329764,0.5606235841924222,292
90,8397119,8397182,-18.85565869281086,-18.76456494000164,0.47407278852743956,64
90,8397198,8397436,-18.743214601013985,-18.403035887267265,0.39287756107116717,239
90,8397458,8397534,-18.37314550921711,-18.263548094298514,1.0,77
90,8397553,8397611,-18.237927979920237,-18.153950926329767,-0.18623505628562534,59
90,8397613,8397631,-18.152527589295236,-18.12548388531414,-0.18623505628562534,19
90,8397650,8397782,-18.09986377093586,-17.910559324767267,-0.9208403073772952,133
90,8397798,8397889,-17.88920898577961,-17.758261473204765,-1.0,92
90,8397924,8397966,-17.709867921326484,-17.648664305236014,-0.34211337082228205,43
90,8397979,8398028,-17.63158398577961,-17.56041699078289,-0.01275699051661658,50
90,8398030,8398124,-17.55899365374836,-17.423776121642266,-0.01275699051661658,95
90,8398139,8398210,-17.403849366638983,-17.30136865093914,0.5866253619531224,72
90,8398260,8398472,-17.231624757263987,-16.928452879454763,1.0,213
90,8398550,8398613,-16.81885547015461,-16.727761473204765,-1.0,64
90,8398651,8398727,-16.675097901795233,-16.56550048687664,-0.5310356732954759,77
90,8398741,8398812,-16.54699707171711,-16.444516356017264,-0.4819294123579509,72
90,8398833,8398904,-16.416049561951485,-16.31356884625164,-0.6488373667145685,72
90,8398929,8398970,-16.279408448670235,-16.219628172423516,-0.857894410338101,42
90,8399060,8399159,-16.09295068499836,-15.950616453673515,-0.03967392726016525,100
90,8399181,8399223,-15.920726319763984,-15.85952245953289,0.01722283268527929,43
90,8399246,8399426,-15.828208985779609,-15.57058398297039,1.0,181
90,8399428,8399454,-15.56916064593586,-15.530730223204765,1.0,27
90,8399468,8399524,-15.512226808045234,-15.431096434142265,0.9260171091507922,57
90,8399577,8399627,-15.35708252093586,-15.284491941954766,-0.1859316397271517,51
90,8399647,8399695,-15.257448487732734,-15.187704832579765,-0.393477520880474,49
90,8399854,8400250,-14.962816651795235,-14.39774951031414,0.5787344065750043,397
90,8400269,8400318,-14.37212939593586,-14.300962156798516,-0.16253309285822712,50
90,8400334,8400425,-14.279612061951484,-14.14866454937664,-0.30745566061892615,92
90,8400456,8400629,-14.10596435687336,-13.85830273297039,-0.6806485922572264,174
90,8400631,8400634,-13.85687939593586,-13.85118603375164,-0.6806485922572264,4
90,8400656,8400718,-13.82129589984211,-13.731625242736015,-0.8868450672086163,63
90,8400792,8401011,-13.62772119281086,-13.314585691954765,0.5039635867633095,220
90,8401028,8401106,-13.291812257263985,-13.179368162657891,-0.22411083908306065,79
90,8401172,8401254,-13.08685107562336,-12.968713621642266,-0.2292278073410922,83
90,8401280,8401408,-12.93312988421711,-12.749518797423516,-0.818992553896137,129
90,8401590,8401646,-12.491893800232734,-12.41076318218914,-1.0,57
90,8401805,8402055,-12.185875001404609,-11.828615965392265,1.0,251
90,8402078,8402141,-11.797302491638986,-11.70620849468914,0.40720684555377584,64
90,8402200,8402267,-11.62365478656086,-11.526867430236015,-1.0,68
90,8402311,8402420,-11.465663819763986,-11.309095945861015,0.2950233291809964,110
90,8402509,8402559,-11.18384179827961,-11.11125146343914,-0.21704147177367117,51
90,8402656,8402765,-10.974610597107734,-10.818042723204766,1.0,110
90,8402834,8402991,-10.721255616638985,-10.496367430236015,-0.6351847872591079,158
90,8403082,8403148,-10.36826660296711,-10.272902586486016,-0.32326342585284135,67
90,8403276,8403457,-10.092137940857736,-9.833089598204765,1.0,182
90,8403469,8403601,-9.817432862732735,-9.62812841656414,-0.15384792580368697,133
90,8403741,8403884,-9.43028369281086,-9.22532226422039,-0.19482377244755797,144
90,8403896,8404095,-9.20966552874836,-8.92499706890789,0.8459874621006211,200
90,8404116,8404164,-8.89653027484211,-8.826786375548515,-0.20540252674824488,49
90,8404236,8404290,-8.72572900531086,-8.64744531109539,-0.07600433730554908,55
90,8404345,8404406,-8.570584718201484,-8.48233740093914,0.14055958204954566,62
90,8404505,8404772,-8.342849854920235,-7.96139404156414,0.7712932570095166,268
90,8404808,8404869,-7.91157714984211,-7.823329832579765,-0.11615074570525699,62
90,8404964,8405038,-7.68953564593586,-7.582784910704765,-0.8578427967788926,75
90,8405050,8405058,-7.567128175232735,-7.554318113829765,-0.4758813924615013,9
90,8405060,8405147,-7.552894776795235,-7.42764062359539,-0.4758813924615013,88
90,8405175,8405305,-7.38921045062336,-7.20275244000164,-0.9664633374480507,131
90,8405333,8405498,-7.16432226702961,-6.92804736187664,1.0,166
90,8405664,8405744,-6.69319580218586,-6.577905027892265,0.08333004095600559,81
90,8405940,8406229,-6.300353272888985,-5.887583738829765,0.7409661037829312,290
90,8406315,8406372,-5.76659961077961,-5.68404589703289,0.0,58
90,8406646,8406832,-5.295473390076485,-5.029308348204765,-0.5722653620132211,187
90,8406881,8406937,-4.96098779437336,-4.879857176329765,-1.0,57
90,8406955,8407071,-4.855660401795235,-4.68912939312664,-0.4453453341988112,117
90,8407170,8407220,-4.549641847107735,-4.47705126812664,-0.2598825768485904,51
90,8407623,8407705,-3.904867433045235,-3.78672997906414,-0.007201329072280164,83
90,8407752,8407807,-3.72125634906086,-3.641549070861015,-0.013259006817716924,56
90,8407908,8408038,-3.49921484515461,-3.312757078673515,1.0,131
90,8408040,8408090,-3.311333741638985,-3.23874316265789,1.0,51
90,8408147,8408352,-3.1590358900764848,-2.865827391173515,-0.34832379085398585,206
90,8408368,8408500,-2.844477296326485,-2.655172606017265,0.13591873018283507,133
90,8408613,8408793,-2.49575830218586,-2.23813329937664,1.0,181
90,8409002,8409114,-1.94207812640461,-1.78124023297039,-0.5499955818073784,113
90,8409176,8409335,-1.69441650531086,-1.46668163922039,-0.5005556845708624,160
90,8409456,8409535,-1.29588037249836,-1.182012938048515,0.3158946253278088,80
90,8409537,8409783,-1.180589601013985,-0.829024168517265,0.3158946253278088,247
90,8409797,8409818,-0.8105205092171099,-0.77920702984539,-0.12202755189733386,22
90,8409821,8409981,-0.7763603529671099,-0.54720214703289,-0.12202755189733386,161
90,8410008,8410101,-0.5101953139046099,-0.3764011216422651,-0.49626208016920254,94
90,8410119,8410177,-0.3522043471077349,-0.2682270493766401,-0.9549038823621623,59
90,8410247,8410293,-0.17001635882648491,-0.10311938336101506,-0.7497983245806222,47
90,8410351,8410498,-0.02198877093585993,0.18866601702960992,0.9626529480735297,148
90,8410595,8410645,0.3253068833610151,0.39789721820148494,-0.47350557019126716,51
90,8410724,8410829,0.5089179673453901,0.659792237732735,0.009335699188285963,106
90,8411001,8411044,0.9031838364860151,0.96581103656086,-0.2195920574080713,44
90,8411129,8411283,1.085371824767265,1.305989991638985,0.8501030820550265,155
90,8411301,8411324,1.330186766173515,1.364346925232735,-0.019601060340345013,24
90,8411326,8411405,1.365770262267265,1.4796376967171099,-0.019601060340345013,80
90,8411521,8411607,1.6433220200797651,1.76715283343586,-0.2848901167948124,87
90,8411632,8411743,1.801313231017265,1.96072754046711,0.4271461182446837,112
90,8411745,8411747,1.96215087750164,1.96642089984211,0.4271461182446837,3
90,8411883,8411951,2.15857226422039,2.25678271624836,-0.6093273913822017,69
90,8412205,8412340,2.616888426329765,2.810463136170235,1.0,136
90,8412359,8412413,2.836083250548515,2.91436718890461,0.28267569253875,55
90,8412464,8412515,2.98553417828289,3.059548097107735,-0.2742700386226767,52
90,8412517,8412624,3.060971434142265,3.21469238421711,-0.2742700386226767,108
90,8412640,8412763,3.23604247906414,3.41253711077961,-0.18442665426663785,124
90,8412858,8413090,3.546331297423515,3.877969972107735,0.8828787347882139,233
90,8413202,8413245,4.035961180236015,4.0985881361702345,-1.0,44
90,8413290,8413333,4.16121533062664,4.22384228656086,0.5555120026201152,44
90,8413358,8413425,4.258002684142265,4.354789796326485,-0.2667949177595909,68
90,8413493,8413565,4.45015380718914,4.554057862732735,-0.903069731518489,73
90,8413631,8413678,4.64657519390789,4.71489550921711,0.1943611966457711,48
90,8413705,8413842,4.751902586486015,4.94832373187336,1.0,138
90,8413911,8413960,5.045111082579765,5.11627832171711,-0.25163658999563543,50
90,8414103,8414190,5.318392820861015,5.44364697406086,-0.8673880371780681,88
90,8414221,8414265,5.486347410704765,5.550397706482735,0.38977500056128594,45
90,8414383,8414429,5.7169287095328905,5.783825929138985,-0.7913209122609145,47
90,8414546,8414744,5.94893359234539,6.232178956482735,0.728754360254,199
90,8414806,8414896,6.319002684142265,6.44852685687336,-0.29955427450859673,91
90,8414898,8415188,6.44995019390789,6.86414306781086,-0.29955427450859673,291
90,8415203,8415363,6.88406982281414,7.11322802874836,0.0887989644369501,161
90,8415365,8415441,7.11465136578289,7.224248780701485,0.0887989644369501,77
90,8415462,8415482,7.252715574767265,7.282605714295235,-0.8462194769666668,21
90,8415485,8415527,7.285452391173515,7.34665625140461,-0.8462194769666668,43
90,8415576,8415788,7.41497656109539,7.718148683045235,1.0,213
90,8415836,8415944,7.785045652892265,7.94018994281086,-0.6682498563611324,109
90,8415992,8416061,8.007087156798516,8.10672119281086,-0.8794498974065974,70
90,8416423,8416480,8.62054785015789,8.703101808045234,0.2867205801652913,58
90,8416523,8416620,8.762882078673515,8.90236963031086,-0.9625445108579254,98
90,8416636,8416663,8.92371972515789,8.963573487732734,-0.14470208180165084,28
90,8416666,8416878,8.966420164611016,9.269592042420236,-0.14470208180165084,213
90,8416906,8416966,9.308022215392265,9.39484619281086,1.0,61
90,8416968,8417048,9.39626952984539,9.511560304138985,1.0,81
90,8417050,8417124,9.512983641173514,9.61973437640461,1.0,75
90,8417299,8417438,9.86739599468914,10.06666406390461,-0.22516112688793716,140
90,8417489,8417563,10.13783105328289,10.244581788513985,-0.08572597632576019,75
90,8417590,8417682,10.281588621642266,10.41395947406086,-0.11781498946343946,93
90,8417700,8417748,10.438156492736015,10.507900147888986,0.2638217926428938,49
90,8417884,8417976,10.700051512267265,10.83242236468586,-0.23356852524603527,93
90,8418070,8418235,10.964793211486015,11.201068116638986,-0.23523061082997046,166
90,8418357,8418445,11.37329247906414,11.499969972107735,-0.14317336207711834,89
90,8418470,8418586,11.534130125548515,11.700661378357735,-0.34359431118176914,117
90,8418775,8419017,11.968249754454765,12.31412207171711,1.0,243
90,8419057,8419128,12.36963232281414,12.472113038513985,-0.4833785632898148,72
90,8419130,8419133,12.473536375548514,12.479229737732735,-0.4833785632898148,4
90,8419243,8419371,12.63437402203289,12.81798535296711,-0.04621103635246741,129
90,8419619,8419641,13.169551023986015,13.202287843201486,0.08598098858977467,23
90,8419643,8419692,13.203711180236015,13.274878175232734,0.08598098858977467,50
90,8419802,8420030,13.430022703673515,13.755968018982735,1.0,229
90,8420046,8420097,13.77731835797039,13.85133203265461,-0.46153395788788837,52
90,8420220,8420353,14.02497997906414,14.215707765076486,-0.3446868498141717,134
90,8420398,8420454,14.27833495953289,14.35946533343586,-1.0,57
90,8420476,8420620,14.38935546734539,14.59574023577961,-0.4949907855928311,145
90,8420643,8420806,14.62705370953289,14.86048193499836,1.0,164
90,8420819,8420873,14.87756201031414,14.955845948670236,-0.040606103592179296,55
90,8420972,8421218,15.09533349468914,15.446899171326486,1.0,247
90,8421524,8421582,15.881018797423515,15.964995851013985,-1.0,59
90,8421627,8421735,16.02762304547039,16.182767335388984,-0.6810933707047904,109
90,8421863,8421906,16.36353173687664,16.426158936951484,-0.2031853521229095,44
90,8422098,8422280,16.698017332579767,16.958489015076484,1.0,183
90,8422282,8422332,16.959912352111015,17.03250293109211,1.0,51
90,8422714,8422800,17.57479638531414,17.698627198670234,-0.3670223290932855,87
90,8422914,8422980,17.859465086486015,17.954828858826485,-0.3787574985737835,67
90,8423015,8423073,18.00322265484539,18.08719970843586,-0.784509704395292,59
90,8423134,8423195,18.172600340392265,18.26084765765461,-0.26466614053186754,62
90,8423197,8423208,18.26227099468914,18.27935107562336,-0.26466614053186754,12
90,8423210,8423277,18.28077441265789,18.377561768982734,-0.26466614053186754,68
90,8423293,8423386,18.398911863829763,18.53270605609211,-0.5585453756070385,94
90,8423602,8423662,18.83872460797039,18.925548585388984,0.926001680427223,61
90,8423679,8423731,18.948322020079765,19.02375927874836,-0.9826794998956069,53
90,8423777,8423883,19.08780956890789,19.24010742327961,-0.6456082652072179,107
90,8423899,8424039,19.26145751812664,19.462148683045235,-0.9214748184437273,141
90,8424053,8424114,19.48065234234539,19.56889941546711,0.6266073366859111,62
90,8424256,8424304,19.76959081890789,19.839334718201485,-0.6435604571938748,49
91,8447320,8447382,-20.0,-19.91076367047039,0.17867707305618835,63
91,8447410,8447558,-19.87233349749836,-19.66025536968914,-0.5062171059000576,149
91,8447581,8447655,-19.62894189593586,-19.522191160704764,-1.0,75
91,8447670,8447730,-19.502264405701485,-19.41544042828289,-1.0,61
91,8447861,8448060,-19.23040576312336,-18.94573730328289,0.45672539838900744,200
91,8448170,8448174,-18.790593018982737,-18.783476316954765,0.07334407397172803,5
91,8448176,8448219,-18.782052979920234,-18.71942577984539,0.07334407397172803,44
91,8448266,8448338,-18.65395214984211,-18.550048094298514,-0.2066384920887795,73
91,8448399,8448454,-18.46464746234211,-18.38494042828289,-0.28564832389798783,56
91,8448610,8448747,-18.16432226702961,-17.96790087750164,-1.0,138
91,8448767,8448825,-17.94085742327961,-17.856880125548514,-1.0,59
91,8448900,8449067,-17.75155273577961,-17.512431395079766,-0.21137736931379095,168
91,8449069,8449172,-17.511008058045235,-17.362980223204765,-0.21137736931379095,104
91,8449204,8449357,-17.318856690857736,-17.099661863829766,-1.0,154
91,8449399,8449466,-17.041304933045236,-16.94451757672039,-0.47028649348717333,68
91,8449478,8449553,-16.92886084124836,-16.820686766173516,-0.8488048400854854,76
91,8449628,8449812,-16.71535937640461,-16.45204101422039,0.5428255872698114,185
91,8449859,8449971,-16.386567140076487,-16.22572949078289,-0.42549595561988846,113
91,8450116,8450177,-16.02076806781086,-15.93252099468914,-0.7256462466062183,62
91,8450193,8450251,-15.91117089984211,-15.827193602111015,-0.3800397888868901,59
91,8450349,8450412,-15.68912939593586,-15.598035398986015,-0.5586774704216556,64
91,8450443,8450663,-15.555335206482734,-15.24077636578289,0.1879949019544643,221
91,8450665,8450712,-15.23935302874836,-15.17103271343914,0.1879949019544643,48
91,8450757,8450975,-15.108405518982735,-14.796693602111015,-0.09302174422883493,219
91,8451125,8451188,-14.584615479920235,-14.49352148297039,-0.3758659858602236,64
91,8451254,8451313,-14.401004151795235,-14.315603758361014,-0.6177839095795962,60
91,8451405,8451534,-14.18607959124836,-14.00104492047039,-0.824892603261405,130
91,8451536,8451592,-13.99962158343586,-13.918490965392264,-0.824892603261405,57
91,8451685,8451756,-13.78754345843586,-13.68506298687664,-0.07025852930657737,72
91,8451758,8451938,-13.68363964984211,-13.426014402892266,-0.07025852930657737,181
91,8452158,8452246,-13.114302491638984,-12.98762499859539,-0.3310552245168402,89
91,8452346,8452398,-12.846714112732736,-12.77127685406414,0.17227612123174632,53
91,8452401,8452481,-12.76843017718586,-12.653139402892265,0.17227612123174632,81
91,8452503,8452615,-12.623249268982734,-12.46241161968914,-0.17461899598934277,113
91,8452628,8452721,-12.44533154437336,-12.31153710797039,-0.273545695508913,94
91,8452887,8452921,-12.076685792420236,-12.02686865093914,1.0,35
91,8452923,8453038,-12.02544531390461,-11.860337645079765,1.0,116
91,8453069,8453236,-11.81763720843586,-11.578515867736016,0.0,168
91,8453285,8453325,-11.51019531390461,-11.45183837750164,0.2022948901671688,41
91,8453421,8453463,-11.31662060687336,-11.25541699078289,0.5144241827272683,43
91,8453507,8453575,-11.194213136170236,-11.096002684142265,-0.8924222525981756,69
91,8453630,8453777,-11.01914209124836,-10.80848730328289,0.19401858537623912,148
91,8453779,8453879,-10.80706396624836,-10.663306395079765,0.19401858537623912,101
91,8453914,8454011,-10.614912843201484,-10.47542529156414,0.031254297785071494,98
91,8454034,8454144,-10.444111573670234,-10.28612060406414,0.1033089380559278,111
91,8454171,8454220,-10.24911377093586,-10.177946531798515,-0.7410119065394379,50
91,8454440,8454570,-9.866234620545235,-9.679776609923515,-0.19364260086479884,131
91,8454602,8454752,-9.635653077576485,-9.420728270079765,1.0,151
91,8454836,8454955,-9.30259082171711,-9.131789793517266,-0.09163658808381393,120
91,8455078,8455137,-8.958141847107735,-8.872741453673514,0.028152704910116018,60
91,8455342,8455681,-8.58237939593586,-8.09844286968914,0.11706667655375817,340
91,8455720,8455855,-8.04435595843586,-7.85078124859539,0.1429561308394394,136
91,8455881,8455932,-7.81519775531086,-7.74118408062664,-0.22525883470519956,52
91,8455952,8455957,-7.714140382263985,-7.705600340392265,-0.6777003292174707,6
91,8455959,8456098,-7.704177003357735,-7.50490917828289,-0.6777003292174707,140
91,8456197,8456255,-7.36542138812336,-7.28144433453289,-0.25759225900868726,59
91,8456322,8456390,-7.187503663513985,-7.08929296734539,-0.02085482277639284,69
91,8456574,8456715,-6.82882129046711,-6.626706785704765,0.9957476085784658,142
91,8456789,8456842,-6.52280273577961,-6.445942137267265,-1.0,54
91,8456874,8457101,-6.401818604920235,-6.07729638531414,-0.616322413145781,228
91,8457287,8457335,-5.81397802874836,-5.744234129454765,-0.6278122773344971,49
91,8457352,8457612,-5.7214606947639846,-5.34996826031414,1.0,261
91,8457645,8457702,-5.30442138812336,-5.221867430236015,-0.937026488032407,58
91,8457704,8457729,-5.220444093201485,-5.183437254454765,-0.937026488032407,26
91,8457742,8457815,-5.166357179138985,-5.06102978375164,1.0,74
91,8457839,8457999,-5.02829297015461,-4.79913476422039,0.21386549225104445,161
91,8458015,8458158,-4.77778466937336,-4.57282324078289,-0.11444638987660083,144
91,8458174,8458260,-4.55147314593586,-4.427642332579765,-0.16194532305909,87
91,8458464,8458528,-4.13870361468586,-4.04618652203289,0.3406758359783394,65
91,8458753,8458900,-3.727357667420235,-3.516702879454765,1.0,148
91,8458941,8459013,-3.459769288513985,-3.35586523297039,-0.8779869588107734,73
91,8459266,8459306,-2.997182862732735,-2.938825926329765,-0.8305005762455295,41
91,8459331,8459517,-2.90466552874836,-2.63850048687664,-0.8900020171899188,187
91,8459519,8459534,-2.63707714984211,-2.61430370953289,-0.8900020171899188,16
91,8459803,8459893,-2.232847901795235,-2.1033237290641402,0.035238039403995856,91
91,8459910,8459977,-2.08055029437336,-1.9837629380485151,-0.3640836564873067,68
91,8460008,8460121,-1.941062745545235,-1.7788015122672651,0.812749758822105,114
91,8460210,8460261,-1.65354736468586,-1.5795336900016401,-0.4195454290683457,52
91,8460291,8460346,-1.538256593201485,-1.458549559142265,-1.0,56
91,8460456,8460512,-1.303405030701485,-1.222274656798515,0.020661648478347287,57
91,8460514,8460521,-1.220851319763985,-1.209464598204765,0.020661648478347287,8
91,8460541,8460589,-1.182421143982735,-1.11267724468914,-0.5410894682250317,49
91,8460745,8461038,-0.8920590834358599,-0.4735964341422651,0.5664494726917625,294
91,8461163,8461294,-0.2971018080452349,-0.10922070172039007,-0.8840932024470588,132
91,8461324,8461514,-0.06794360492023493,0.20391479632648493,-0.34765437678133465,191
91,8461590,8461641,0.3106655259391401,0.3846792006233599,0.03244027639041758,52
91,8461692,8461733,0.45584643414226506,0.515626710388985,-1.0,42
91,8461753,8461905,0.542670164611015,0.7604416517952349,0.41623576172777793,153
91,8461907,8461945,0.761864988829765,0.8173754896858599,0.41623576172777793,39
91,8461960,8462150,0.83730224468914,1.10916064593586,0.0359505477843917,191
91,8462377,8462422,1.430836180236015,1.496309815857735,-1.0,46
91,8462599,8462913,1.746818113829765,2.195171143982735,0.10369498794391663,315
91,8463035,8463089,2.36739550640789,2.445679444763985,-0.2606637942202878,55
91,8463091,8463113,2.447102781798515,2.479839601013985,-0.2606637942202878,23
91,8463133,8463217,2.506883055236015,2.62786718890461,-0.09756764593252715,85
91,8463242,8463433,2.662027586486015,2.9353093275764848,-0.8064434668178457,192
91,8463447,8463492,2.953812742736015,3.019286378357735,0.24355487216752592,46
91,8463560,8463666,3.11465038922039,3.266947999451485,0.8940056695287302,107
91,8463669,8463706,3.269794676329765,3.32388183734211,0.8940056695287302,38
91,8463719,8463780,3.34096191265789,3.429209229920235,-0.009641218651056167,62
91,8463889,8463949,3.58293017437664,3.669754151795235,-0.07129423528456025,61
91,8464088,8464145,3.86617529156414,3.948729249451485,0.07917361015873155,58
91,8464167,8464212,3.978619383361015,4.04409326312336,-1.0,46
91,8464227,8464330,4.06402001812664,4.212047608826485,-0.2345519495123881,104
91,8464349,8464416,4.237667723204765,4.33445507952961,-0.9622848447421237,68
91,8464610,8464667,4.60916015484539,4.691714112732735,-0.03640936871139641,58
91,8464682,8464803,4.711640867736015,4.885288819763985,1.0,122
91,8464911,8464973,5.03758642437664,5.12725683734211,0.1838917900122858,63
91,8464997,8465043,5.159993895079765,5.226890870545235,0.43596353265169824,47
91,8465058,8465186,5.246817625548515,5.430428956482735,-1.0,129
91,8465356,8465405,5.670973875548515,5.742140870545235,-0.1425163864553401,50
91,8465419,8465467,5.76064452984539,5.83038818499836,-0.22813733202339204,49
91,8465469,8465473,5.83181152203289,5.83892822406086,-0.22813733202339204,5
91,8465489,8465540,5.86027831890789,5.934292237732735,0.18514961969869503,52
91,8465655,8465698,6.09655322125164,6.159180421326485,-0.36278141563477767,44
91,8465730,8465878,6.203303953673515,6.415382081482735,1.0,149
91,8465922,8465963,6.476585691954765,6.53636621234211,-0.8342743602372584,42
91,8466010,8466127,6.60183984234539,6.76979443499836,-0.5395578053910967,118
91,8466342,8466400,7.07438964703289,7.158366944763985,-0.7191930619590476,59
91,8466419,8466473,7.183987059142265,7.26227099749836,-0.6034049766149426,55
91,8466525,8466737,7.33486132672039,7.638033448670235,0.7845948700310617,213
91,8466798,8466986,7.723433836486015,7.99244580218586,-0.4103109813298224,189
91,8467206,8467254,8.30415771343914,8.373901612732736,-1.0,49
91,8467317,8467402,8.462148680236014,8.58455615374836,-0.5478973898139151,86
91,8467417,8467519,8.604483152892264,8.75108740374836,-0.019752711569089636,103
91,8467521,8467522,8.75251074078289,8.75535742327961,-0.019752711569089636,2
91,8467778,8467819,9.118309813048516,9.178090089295235,0.740960332410356,42
91,8467844,8467920,9.21225048687664,9.32184765765461,-0.4063499527610516,77
91,8467951,8468000,9.364548094298515,9.435715089295234,-0.44927811377640325,50
91,8468085,8468179,9.55527587750164,9.690493409607734,-0.20520894002239384,95
91,8468268,8468467,9.81574755718914,10.100416261170235,-0.2721254817701077,200
91,8468500,8468697,10.145963133361015,10.427784913513985,0.842286001786003,198
91,8468725,8468777,10.46621533062664,10.54165234515461,-1.0,53
91,8468794,8468842,10.56442577984539,10.634169679138985,-0.07922637340205096,49
91,8468905,8468949,10.72241699078289,10.78646728656086,-0.4905647731220674,45
91,8469042,8469075,10.917414793517265,10.96580859515461,-1.0,34
91,8469077,8469118,10.96723193218914,11.02701220843586,-1.0,42
91,8469209,8469278,11.155113035704765,11.25474707171711,0.05611770080289477,70
91,8469306,8469420,11.29317724468914,11.45686181781086,-0.05362507289421142,115
91,8469438,8469480,11.48105859234539,11.54226220843586,0.19742629848041005,43
91,8469535,8469605,11.619122801329764,11.72018017718586,0.9890704881486455,71
91,8469607,8470273,11.72160351422039,12.670972901795235,0.9890704881486455,667
91,8470275,8470429,12.67239648297039,12.893014405701486,0.9890704881486455,155
91,8470535,8470589,13.04246533062664,13.120749268982735,-0.842026278733832,55
91,8470898,8470981,13.559138914611015,13.67869970843586,-0.43253714322026676,84
91,8471049,8471196,13.77406347515789,13.98471826312336,-0.5324028027757293,148
91,8471239,8471463,14.044498777892265,14.364750733826485,1.0,225
91,8471465,8471743,14.366174070861016,14.76328662249836,1.0,279
91,8471787,8471898,14.824490477111015,14.98390478656086,-0.22397951378373987,112
91,8471912,8471999,15.00240820172039,15.127662354920234,-0.36188603083916815,88
91,8472002,8472077,15.130509031798516,15.23868310687336,-0.36188603083916815,76
91,8472133,8472212,15.316967039611015,15.43083447406086,-0.8254054339191204,80
91,8472226,8472340,15.44933788922039,15.613022218201484,-0.5621281572112693,115
91,8472375,8472656,15.66141601422039,16.062798585388986,0.003265845299172882,282
91,8472658,8472700,16.064221922423513,16.125425538513984,0.003265845299172882,43
91,8472745,8472808,16.18805273297039,16.279146729920235,-0.3585578076436112,64
91,8472839,8473086,16.321846922423514,16.67483593890461,0.23232794197371248,248
91,8473381,8473476,17.093298582579767,17.22993945452961,-0.5039916865297305,96
91,8473546,8473627,17.328150145079764,17.44486425921711,-0.9281994294786987,82
91,8473717,8473831,17.571541746642264,17.73522607562336,-0.33720979364549847,115
91,8473901,8474105,17.833436766173516,18.12522216937336,0.4120927969829283,205
91,8474140,8474229,18.17361572125164,18.301716554138984,-0.9241925652082098,90
91,8474453,8474688,18.619122068907892,18.95503076312336,-0.5337280690351417,236
91,8474709,8474924,18.983497801329765,19.290939698670236,0.5237564643898287,216
91,8475054,8475218,19.47455077984539,19.70940234515461,-0.4856767255606769,165
91,8475267,8475363,19.777722898986013,19.91578711077961,0.15142224395594636,97
92,8550912,8551004,-19.920522218201484,-19.78815136578289,-0.30810251310079273,93
92,8551085,8551163,-19.674283936951486,-19.56183984234539,-0.5367521879724239,79
92,8551196,8551486,-19.516292726013987,-19.10210009625164,0.5539703643364621,291
92,8551532,8551695,-19.03804980609211,-18.80462158062664,-0.2620759346936649,164
92,8551730,8551897,-18.756227784607734,-18.517106199767266,-0.5820941273683511,168
92,8551960,8552030,-18.428859132263984,-18.32780175640789,-0.665671238670143,71
92,8552100,8552216,-18.229591065857736,-18.06306005718914,-0.34345073246707253,117
92,8552231,8552656,-18.043133058045235,-17.436789305236015,1.0,426
92,8552708,8552778,-17.36419873187336,-17.263141356017265,-0.6149954175011036,71
92,8552835,8552911,-17.183434327576485,-17.07383691265789,-0.4074956293074157,77
92,8553168,8553284,-16.709461183045235,-16.542929930236014,-0.6039374694481191,117
92,8553361,8553420,-16.43475586077961,-16.34935546734539,-0.18593205567932278,60
92,8553434,8553518,-16.33085205218586,-16.209867918517265,-0.6048802739626894,85
92,8553595,8553675,-16.10169384906086,-15.986403074767265,-0.5421558371989919,81
92,8553837,8553899,-15.757244874451485,-15.66757421734539,-0.0862642715841238,63
92,8553983,8554276,-15.549436768982735,-15.13097411968914,1.0,294
92,8554863,8554985,-14.296895265076484,-14.12182421734539,-0.32926329258850034,123
92,8555140,8555190,-13.90262939593586,-13.830038816954765,-0.7859479934580378,51
92,8555260,8555326,-13.731828370545236,-13.63646435406414,-0.4206045844647336,67
92,8555341,8555415,-13.61653759906086,-13.509786863829765,-0.21285515307359412,75
92,8555427,8555508,-13.494130128357735,-13.37741601422039,-0.4057684031763436,82
92,8555614,8555690,-13.227965089295235,-13.11836767437664,0.29024054737225147,77
92,8555692,8555982,-13.11694433734211,-12.70275146343914,0.29024054737225147,291
92,8556005,8556128,-12.67143798968586,-12.494943602111015,-0.37683554566209887,124
92,8556189,8556275,-12.40954297015461,-12.285712156798516,0.0,87
92,8556304,8556408,-12.245858643982736,-12.096407469298516,-0.9599377889158844,105
92,8556486,8556601,-11.986810304138984,-11.821702391173515,-0.6367423344271189,116
92,8556694,8556742,-11.69075488421711,-11.62101122906414,-0.21270719736975044,49
92,8556779,8556875,-11.569770753357735,-11.43170654156414,1.0,97
92,8556877,8556981,-11.43028320452961,-11.280832273986015,1.0,105
92,8556998,8557268,-11.258058839295234,-10.87233300640789,0.37591940132859875,271
92,8557514,8557568,-10.523614015076484,-10.44533007672039,0.42967772200812165,55
92,8557590,8557776,-10.41543994281086,-10.14927490093914,1.0,187
92,8557915,8557974,-9.95285351702961,-9.867452879454765,-0.41913719683618994,60
92,8557996,8558115,-9.837562745545235,-9.66676171734539,-0.31176722485112757,120
92,8558164,8558290,-9.598441163513986,-9.41767675640789,-0.7378856536166927,127
92,8558306,8558481,-9.39632666156086,-9.14581835797039,-0.8798385090067106,176
92,8558527,8558647,-9.081767823670235,-8.90954345562664,1.0,121
92,8558649,8558700,-8.90812011859211,-8.834106199767264,1.0,52
92,8558724,8558768,-8.801369386170235,-8.73731884625164,-0.4090768564765276,45
92,8558853,8558964,-8.617758058045235,-8.45834374859539,-0.6352928608011097,112
92,8558990,8559032,-8.42276025531086,-8.361556395079765,0.28311789061039794,43
92,8559122,8559197,-8.23487890765461,-8.126704832579765,-0.9259944091620381,76
92,8559313,8559496,-7.96302050921711,-7.70112548687664,1.0,184
92,8559598,8559715,-7.557367921326485,-7.389413328673515,-0.3654012120438272,118
92,8559938,8560020,-7.073431397888985,-6.95529394390789,-1.0,83
92,8560041,8560249,-6.92682714984211,-6.629348387267265,0.936987796678846,209
92,8560282,8560361,-6.583801515076485,-6.46993408062664,-0.36745450115765965,80
92,8560478,8560594,-6.304826417420235,-6.138295164611015,-0.05202789744733642,117
92,8560887,8560957,-5.72267920062336,-5.621621824767265,0.5000987517924751,71
92,8561046,8561114,-5.49636767718586,-5.398156981017265,-0.3706340681301657,69
92,8561153,8561408,-5.344070069763985,-4.97969433453289,1.0,256
92,8561556,8561607,-4.77046289202961,-4.69644921734539,-0.5766810772533676,52
92,8561652,8561734,-4.633822022888985,-4.51568456890789,-1.0,83
92,8561918,8562201,-4.25521289202961,-3.850983641173515,0.10634388397166451,284
92,8562204,8562447,-3.848136964295235,-3.50084130718914,0.10634388397166451,244
92,8562462,8562618,-3.48091455218586,-3.25744970562664,-0.29829949080511003,157
92,8562679,8562796,-3.172049073670235,-3.00409472515789,-0.7867317780938271,118
92,8562799,8562813,-3.00124804827961,-2.97989794781414,-0.7867317780938271,15
92,8562914,8563023,-2.8375637221077348,-2.680995848204765,-0.3691514826055498,110
92,8563059,8563387,-2.631178956482735,-2.162899168517265,0.10719083236141659,329
92,8563389,8563570,-2.161475831482735,-1.902427488829765,0.10719083236141659,182
92,8563602,8563667,-1.858303956482735,-1.76436327984539,-0.8271999982960216,66
92,8563697,8563752,-1.72308642718586,-1.643379148986015,-0.8865584215388935,56
92,8563827,8563911,-1.53805175921711,-1.417067625548515,-0.577082179323628,85
92,8564015,8564363,-1.27046338031086,-0.7737167954703901,-0.813104548959816,349
92,8564420,8564489,-0.694009522888985,-0.59437548687664,-0.3178462673109263,70
92,8564506,8564552,-0.57160205218586,-0.50470507672039,-1.0,47
92,8564574,8564640,-0.4748146986702349,-0.37945092632976507,-0.4095496829932491,67
92,8564673,8565165,-0.33390380999835995,0.3678039564827349,0.3831342706780638,493
92,8565233,8565383,0.46316796734539006,0.67809277484211,-0.193450748963877,151
92,8565396,8565744,0.69517285015789,1.19191943499836,0.4140552829567333,349
92,8565786,8565889,1.250276609923515,1.39830420062336,0.15968679377044748,104
92,8565982,8566052,1.529251707579765,1.63030908343586,-0.8286768768483906,71
92,8566188,8566351,1.8224602036735151,2.055888429138985,0.7070312998129159,164
92,8566353,8566691,2.057311766173515,2.539824952576485,0.7070312998129159,339
92,8566758,8566802,2.63376562359539,2.69781591937336,0.23118781684846343,45
92,8566942,8567013,2.89566064312664,2.998141358826485,-0.38901263013162996,72
92,8567112,8567165,3.13762890484539,3.21448925921711,-0.6323069786565021,54
92,8567234,8567344,3.311276609923515,3.46926757952961,-0.029891634387041996,111
92,8567411,8567478,3.563208250548515,3.65999560687336,-0.8292549720779625,68
92,8567499,8567532,3.68846240093914,3.736856202576485,-0.11167726946466099,34
92,8567534,8567540,3.738279539611015,3.748242921326485,-0.11167726946466099,7
92,8567762,8567809,4.062801512267265,4.13112207171711,-0.32457104160567446,48
92,8567933,8568040,4.306193113829765,4.45991406390461,-0.8516002457273596,108
92,8568104,8568122,4.549584715392265,4.576628175232735,-1.0,19
92,8568124,8568125,4.578051512267265,4.580898194763985,-1.0,2
92,8568130,8568173,4.586591551329765,4.64921875140461,-1.0,44
92,8568242,8568360,4.746006102111015,4.91538379046711,-0.5091246941282804,119
92,8568381,8568577,4.94385058453289,5.224249268982735,1.0,197
92,8568623,8568713,5.288299559142265,5.41782373187336,0.018496521425127716,91
92,8568715,8568800,5.41924706890789,5.541654542420235,0.018496521425127716,86
92,8568912,8569004,5.69964550640789,5.83201660296711,-0.7265059606237331,93
92,8569108,8569313,5.978620848204765,6.271829347107735,1.0,206
92,8569315,8569371,6.273252684142265,6.35438330218586,1.0,57
92,8569493,8569549,6.526607664611015,6.60773828265461,-0.4791198606357394,57
92,8569689,8569802,6.805582762267265,6.967843995545235,-0.44065344425272845,114
92,8569837,8569897,7.016237547423515,7.10306152484211,-0.6739513628226738,61
92,8569899,8569993,7.10448486187664,7.239702393982735,-0.6739513628226738,95
92,8570100,8570205,7.39057665875164,7.541450929138985,-0.43635919926643146,106
92,8570230,8570282,7.57561132672039,7.65104834124836,-0.2640119970612074,53
92,8570317,8570497,7.6994421372672655,7.957067140076485,1.0,181
92,8570499,8570608,7.958490477111015,8.11505810687336,1.0,110
92,8570753,8570896,8.32001952984539,8.524980714295236,-0.2189045199057556,144
92,8570938,8571002,8.58333788922039,8.675855226013985,0.07628046837212088,65
92,8571076,8571160,8.779759031798514,8.90074316546711,-0.36121015318543875,85
92,8571295,8571364,9.09147119000164,9.191105226013985,-0.6139233466788798,70
92,8571376,8571666,9.206761961486015,9.62095459124836,1.0,291
92,8571738,8571778,9.722011961486015,9.780368897888986,0.34411887698073157,41
92,8571832,8571943,9.85580615093914,10.015220460388985,0.459863787516919,112
92,8571982,8572273,10.06930761578289,10.484923585388986,0.9894056547937784,292
92,8572275,8572562,10.486346922423515,10.89626953265461,0.9894056547937784,288
92,8572587,8572627,10.930429930236015,10.988786866638986,-0.6934480776059289,41
92,8572735,8572806,11.14108447125164,11.243565186951486,-0.256751779297135,72
92,8572854,8572861,11.31046240093914,11.32184912249836,-0.20310542725626096,8
92,8572863,8572929,11.32327245953289,11.418636476013985,-0.20310542725626096,67
92,8572944,8572995,11.438563231017264,11.512576905701485,-1.0,52
92,8573021,8573148,11.54816064312664,11.730348390076484,0.015256082346358807,128
92,8573299,8573459,11.943849852111015,12.173008058045236,0.8177295609923914,161
92,8573461,8573555,12.174431395079765,12.30964892718586,0.8177295609923914,95
92,8573557,8573739,12.31107226422039,12.57154394671711,0.8177295609923914,183
92,8573768,8574035,12.61139745953289,12.992853272888985,-0.5006013368781074,268
92,8574063,8574116,13.03128369000164,13.10814404437336,-0.394113216884719,54
92,8574305,8574452,13.375732664611014,13.58638720843586,-0.4670359618843743,148
92,8574464,8574588,13.60204394390789,13.77996191546711,-0.7114252191491393,125
92,8574590,8574624,13.78138525250164,13.83120214984211,-0.7114252191491393,35
92,8574643,8574735,13.85682226422039,13.989193116638985,0.12808886331285957,93
92,8574774,8574947,14.04328027203289,14.29094189593586,-0.45398804339662496,174
92,8575135,8575216,14.55710693218914,14.673821046326484,-0.7280203092968197,82
92,8575445,8575494,14.99834326031414,15.06951025531086,-0.6807049089472028,50
92,8575576,8575673,15.184801023986015,15.32428857562336,-0.37607814864060946,98
92,8575749,8575809,15.431039305236014,15.51786328265461,-0.4067386896709397,61
92,8575830,8575830,15.54633007672039,15.54775341937336,-0.030789037521665858,1
92,8575832,8575956,15.54917675640789,15.72709472796711,-0.030789037521665858,125
92,8575991,8576203,15.77548827984539,16.07866015765461,0.771642158539087,213
92,8576205,8576282,16.08008349468914,16.191104249451485,0.771642158539087,78
92,8576335,8576420,16.265118162657892,16.387525636170235,-0.5273774264294422,86
92,8576587,8577015,16.623800535704763,17.23441455218586,1.0,429
92,8577018,8577266,17.23726122906414,17.591673585388985,1.0,249
92,8577304,8577406,17.644337156798514,17.79094140765461,-0.2684515136037317,103
92,8577418,8577467,17.80659814312664,17.877765382263984,-0.21448221023583716,50
92,8577555,8577599,18.00159619000164,18.06564648577961,-0.8225973970320367,45
92,8577601,8577689,18.06706982281414,18.193747315857735,-0.8225973970320367,89
92,8577711,8577878,18.22363769390789,18.46275927874836,-0.5570124259869013,168
92,8577984,8578114,18.612210203673516,18.79866797015461,-0.5286357098416121,131
92,8578191,8578195,18.906842039611014,18.913958741638986,0.18431713583700238,5
92,8578198,8578232,18.916805418517264,18.96662255999836,0.18431713583700238,35
92,8578368,8578427,19.158773680236013,19.24417431781086,-0.4387589204505417,60
92,8578469,8578523,19.30253124859539,19.380815186951484,-0.640481207658782,55
92,8578631,8578784,19.53311279156414,19.75230761859211,1.0,154
92,8578786,8578958,19.75373095562664,19.99996923968586,1.0,173
93,8601650,8601686,-19.999962647888985,-19.94729882672039,-0.7625433189339585,37
93,8601704,8601749,-19.92310205218586,-19.85762841656414,-1.0,46
93,8601766,8601822,-19.834854737732734,-19.753724363829765,-1.0,57
93,8601825,8601828,-19.750877686951483,-19.745184324767266,-1.0,4
93,8601903,8601967,-19.63985693499836,-19.547339598204765,-1.0,65
93,8602025,8602279,-19.466209229920235,-19.10325683453289,0.8169060086738763,255
93,8602307,8602347,-19.064826417420235,-19.006469481017266,-0.5022520988838911,41
93,8602380,8602461,-18.96092236468586,-18.844208250548515,-0.43415703050290316,82
93,8602546,8602646,-18.724647706482735,-18.580889891173516,-1.0,101
93,8602669,8602729,-18.549576417420234,-18.46275244000164,-1.0,61
93,8602762,8602815,-18.41720556781086,-18.340344969298513,-0.12557625023627664,54
93,8602957,8602960,-18.13965380999836,-18.13396044781414,-0.6109759999251316,4
93,8602962,8603076,-18.13253711077961,-17.96885253765789,-0.6109759999251316,115
93,8603078,8603086,-17.96742920062336,-17.95461913922039,-0.6109759999251316,9
93,8603132,8603194,-17.89056884906086,-17.800898191954765,-0.9454591800178455,63
93,8603237,8603301,-17.741117921326484,-17.64860058453289,-0.28195747868595944,65
93,8603314,8603489,-17.63152050921711,-17.38101220562664,-0.7910212445281387,176
93,8603504,8603553,-17.361085206482734,-17.289918211486015,-0.6964939947975487,50
93,8603570,8603618,-17.267144776795234,-17.19740087750164,-0.5682914196876853,49
93,8603714,8603924,-17.062183351013985,-16.761858152892266,-0.1160230260862416,211
93,8603942,8604012,-16.73766113421711,-16.63660400250164,-1.0,71
93,8604055,8604310,-16.576823487732735,-16.21244775250164,1.0,256
93,8604343,8604402,-16.16690088031086,-16.081500242736016,-0.5228778311961952,60
93,8604523,8604624,-15.91069922015461,-15.765518309142266,-0.5884706585047046,102
93,8604649,8604824,-15.73135791156086,-15.48084960797039,-0.13427549456842103,176
93,8604920,8605041,-15.345632081482735,-15.17198437359539,-0.8892335676050609,122
93,8605083,8605123,-15.113627198670235,-15.055270262267266,0.3644678465046568,41
93,8605144,8605381,-15.026803468201486,-14.68804785015789,0.7073864245236458,238
93,8605411,8605439,-14.64677099749836,-14.605493895079764,-0.7326463086821305,29
93,8605441,8605454,-14.604070558045235,-14.584143797423515,-0.7326463086821305,14
93,8605468,8605597,-14.565640382263984,-14.380605711486014,-0.909309294030039,130
93,8605676,8605719,-14.26958496234211,-14.20695800640789,-0.7564006234527274,44
93,8605800,8605955,-14.093090577576485,-13.871049070861016,-0.8974192997452511,156
93,8605982,8606023,-13.834042237732735,-13.774261961486015,0.6081197331049158,42
93,8606025,8606257,-13.77283838031086,-13.44119970562664,0.6081197331049158,233
93,8606286,8606410,-13.401345948670235,-13.22342822125164,0.006376976111221386,125
93,8606660,8606704,-12.869015870545235,-12.804965574767264,-1.0,45
93,8606825,8607057,-12.634164308045236,-12.302525633361014,0.8661936671218123,233
93,8607074,8607159,-12.27975195452961,-12.157344481017265,-1.0,86
93,8607279,8607502,-11.98796679827961,-11.669137938048515,-1.0,224
93,8607524,8607632,-11.639247804138986,-11.48410351422039,-0.9379242221188644,109
93,8607651,8607697,-11.45848339984211,-11.391586180236015,-1.0,47
93,8607843,8607900,-11.18520166156086,-11.102647703673515,-0.6612974772157265,58
93,8607930,8608173,-11.061370851013985,-10.71407519390789,0.8819201617988399,244
93,8608203,8608250,-10.672798097107735,-10.604477781798515,0.04091087230342121,48
93,8608293,8608333,-10.54469726702961,-10.48634033062664,0.12283436023961425,41
93,8608370,8608455,-10.43510009906086,-10.312692625548515,-0.6571356677460409,86
93,8608592,8608635,-10.119117921326485,-10.05649072125164,-0.7689591880300019,44
93,8608705,8608760,-9.95828027484211,-9.878572996642266,-1.0,56
93,8608791,8608941,-9.835872804138985,-9.620947996642265,0.8697838921678318,151
93,8609079,8609218,-9.425949952576484,-9.22668212750164,-0.4877686207894193,140
93,8609305,8609351,-9.104274659607736,-9.03737744000164,-0.7557680931598056,47
93,8609489,8609600,-8.842379640076485,-8.682965086486014,0.8827779887745674,112
93,8609602,8609762,-8.681541749451485,-8.452383543517264,0.8827779887745674,161
93,8609790,8609855,-8.413953370545235,-8.32001269390789,-1.0,66
93,8609973,8610033,-8.153481690857735,-8.06665771343914,-1.0,61
93,8610173,8610189,-7.868813233826485,-7.844616453673515,-1.0,17
93,8610191,8610222,-7.843193116638985,-7.79764599468914,-1.0,32
93,8610243,8610302,-7.76917920062336,-7.683778563048515,-1.0,60
93,8610323,8610386,-7.655311768982735,-7.56421777203289,0.0,64
93,8610495,8610775,-7.410496827576485,-7.01053759625164,0.22545738703853652,281
93,8610777,8610823,-7.00911425921711,-6.942217039611015,0.22545738703853652,47
93,8610854,8610976,-6.899516847107735,-6.72444579937664,0.11349868097267311,123
93,8611288,8611336,-6.28178613421711,-6.212042234923515,-0.6399148957825148,49
93,8611377,8611689,-6.155108643982735,-5.709602293517265,0.5733230709884832,313
93,8611705,8611752,-5.688252198670235,-5.619931883361015,-0.4978983549182022,48
93,8611881,8611948,-5.437743897888985,-5.3409565415641405,-0.3421586205676127,68
93,8612014,8612101,-5.24843945452961,-5.123185301329765,-0.007209732749794508,88
93,8612146,8612203,-5.06055810687336,-4.978004148986015,-0.8966553193246152,58
93,8612280,8612326,-4.869830323670235,-4.80293310406414,-1.0,47
93,8612352,8612546,-4.76734961077961,-4.489797606017265,1.0,195
93,8612582,8612653,-4.439980714295235,-4.33749999859539,-1.0,72
93,8612668,8612765,-4.31757324359211,-4.178085691954765,-1.0,98
93,8612812,8612934,-4.11261181781086,-3.937540770079765,-0.6197333676917812,123
93,8613042,8613097,-3.78524316546711,-3.7055358872672652,-1.0,56
93,8613162,8613401,-3.61444189593586,-3.27283984234539,0.7887356891842086,240
93,8613743,8613826,-2.7874799818733598,-2.667919188048515,-0.44865104925101795,84
93,8613845,8613905,-2.6422990736702348,-2.55547509625164,-1.0,61
93,8613997,8614065,-2.425950929138985,-2.32774023297039,-0.4684742485969293,69
93,8614083,8614152,-2.30354345843586,-2.203909422423515,-0.9859130973667083,70
93,8614235,8614328,-2.0871953139046098,-1.953401121642265,-1.0,94
93,8614348,8614651,-1.926357667420235,-1.493661375548515,0.7518306931822487,304
93,8614688,8614750,-1.442421143982735,-1.35275048687664,-0.005043163082806833,63
93,8614815,8614932,-1.261656495545235,-1.09370214703289,-1.0,118
93,8614950,8615027,-1.06950537249836,-0.958484617736015,-0.8611833641837411,78
93,8615029,8615154,-0.957061280701485,-0.7777199692985151,-0.8611833641837411,126
93,8615176,8615259,-0.747829835388985,-0.62826904156414,-0.6859053161876746,84
93,8615282,8615438,-0.59695556781086,-0.37349072125164007,1.0,157
93,8615472,8615511,-0.3265205092171099,-0.2695866685172651,-0.7856029351376123,40
93,8615513,8615601,-0.2681633314827349,-0.1414858384391401,-0.7856029351376123,89
93,8615635,8615757,-0.09451562640460993,0.08055542132648494,-1.0,123
93,8615779,8615840,0.11044579937664006,0.19869287249835993,-1.0,62
93,8615886,8615965,0.2627434067985151,0.3766108412483599,-0.5223886570016057,80
93,8615987,8616103,0.4065009751578901,0.573031983826485,-0.3364831619379745,117
93,8616106,8616163,0.5758789048453901,0.65843261859211,-0.3364831619379745,58
93,8616222,8616345,0.740986570861015,0.91748095843586,-0.3334162641832434,124
93,8616461,8616631,1.08116552593914,1.3245571303108599,1.0,171
93,8616677,8616692,1.38860742047039,1.41138086077961,-0.7060415956190539,16
93,8616694,8616731,1.4128041978141401,1.466891358826485,-0.7060415956190539,38
93,8616764,8616836,1.512438231017265,1.6163422865608599,-1.0,73
93,8617073,8617140,1.952251219298515,2.049038331482735,-1.0,68
93,8617229,8617451,2.17429247906414,2.491697999451485,0.7127724238897055,223
93,8617479,8617555,2.530128172423515,2.63972558734211,-0.6800479730304622,77
93,8617721,8617820,2.8745771470328902,3.016911378357735,-0.7767277354960203,100
93,8617848,8617884,3.05534179547039,3.10800537249836,-1.0,37
93,8617886,8617891,3.10942870953289,3.11796875140461,-1.0,6
93,8618059,8618252,3.35566699078289,3.63179541156086,0.9448461249804775,194
93,8618483,8618630,3.959164305236015,4.169819093201485,-1.0,148
93,8618700,8618752,4.268029539611015,4.34346679827961,-0.5516561290718046,53
93,8618770,8618817,4.36766357281414,4.435984132263985,-0.1463598768527519,48
93,8618889,8619064,4.53704150250164,4.78754980609211,0.2689279387724639,176
93,8619066,8619392,4.78897314312664,5.254406007263985,0.2689279387724639,327
93,8619531,8619572,5.450827391173515,5.510607667420235,-0.9004183050764876,42
93,8619587,8619658,5.53053466656414,5.63301513812336,-0.5617290709492888,72
93,8619660,8619730,5.63443847515789,5.735495851013985,-0.5617290709492888,71
93,8619788,8619879,5.81662646343914,5.947573976013985,-0.4783394024918516,92
93,8620122,8620252,6.29202294781414,6.478480714295235,1.0,131
93,8620254,8620444,6.479904051329765,6.751762452576485,1.0,191
93,8620625,8620754,7.00796435406414,7.192998780701485,-0.8333489238312265,130
93,8620845,8620846,7.32109960797039,7.32394629046711,-0.3636910373457474,2
93,8620849,8620886,7.32679296734539,7.3808801283577345,-0.3636910373457474,38
93,8620916,8620986,7.422156981017265,7.52321435687336,-1.0,71
93,8621092,8621370,7.672665281798515,8.06977783343586,1.0,279
93,8621505,8621603,8.26050585797039,8.401416749451485,-1.0,99
93,8621686,8621795,8.51813085797039,8.674698487732735,-0.7246355552350269,110
93,8621897,8621937,8.81845605328289,8.876813233826486,-1.0,41
93,8622056,8622099,9.04476757672039,9.10739453265461,-1.0,44
93,8622151,8622200,9.179985106017265,9.25115234515461,-0.23796467647087616,50
93,8622225,8622294,9.28531249859539,9.384946534607735,-0.7621916878947511,70
93,8622324,8622576,9.426223387267266,9.78632910296711,1.0,253
93,8622675,8622724,9.925816648986014,9.99698388812336,-0.9895889040904162,50
93,8622873,8622967,10.207638426329765,10.34285595843586,-0.44107513161892303,95
93,8623274,8623319,10.77839892437664,10.843872804138986,-0.7760856843985924,46
93,8623322,8623409,10.846719481017265,10.97197363421711,-0.7760856843985924,88
93,8623655,8623711,11.32069238140789,11.401822999451484,-1.0,57
93,8623734,8623820,11.433136473204765,11.55696728656086,-0.8946374193527631,87
93,8623822,8623872,11.55839062359539,11.630981202576486,-0.8946374193527631,51
93,8624150,8624388,12.02524706890789,12.365426026795236,-0.7522209758391635,239
93,8624403,8624426,12.385352781798515,12.419512940857736,-1.0,24
93,8624428,8624455,12.420936277892265,12.46079004046711,-1.0,28
93,8624457,8624550,12.46221337750164,12.596007569763986,-1.0,94
93,8624562,8624624,12.611664305236015,12.70133496234211,-0.6190723928635908,63
93,8624765,8624854,12.900602781798515,13.02870361468586,-0.7136291717868919,90
93,8624871,8624927,13.05147704937664,13.132607667420235,-1.0,57
93,8624979,8624986,13.20519824078289,13.21658496234211,-1.0,8
93,8624988,8625008,13.21800829937664,13.24789843890461,-1.0,21
93,8625010,8625035,13.24932177593914,13.28632861468586,-1.0,26
93,8625105,8625213,13.384539305236014,13.53968359515461,-0.5331618936772723,109
93,8625394,8625485,13.79588525250164,13.926832765076485,-0.9371308632197012,92
93,8625529,8625620,13.98803661968914,14.118984132263986,-0.8561885040253439,92
93,8625632,8625702,14.134640867736016,14.23569824359211,-0.4183031311925547,71
93,8625788,8625867,14.356682371642265,14.47054980609211,-0.613904318331198,80
93,8625904,8626013,14.52179003765789,14.67835791156086,-0.5942552952378545,110
93,8626025,8626209,14.69401464703289,14.95733300921711,1.0,185
93,8626247,8626329,15.00999658062664,15.128134034607735,-1.0,83
93,8626359,8626427,15.169410887267265,15.26762158343586,-0.48229049236687455,69
93,8626442,8626609,15.28754833843914,15.52666992327961,-0.8699129497636559,168
93,8626759,8627145,15.73874804547039,16.289581788513985,0.3407266249266784,387
93,8627364,8627447,16.599870359923514,16.71943115374836,-0.6406207825117528,84
93,8627475,8627572,16.75786132672039,16.897348878357736,-0.5304215876655389,98
93,8627645,8627838,16.99982958843914,17.275958253357736,0.8239468677269078,194
93,8627841,8627843,17.278804930236014,17.283074952576484,0.8239468677269078,3
93,8627908,8627946,17.374168699767264,17.42967920062336,-0.25752606192992367,39
93,8627948,8627948,17.43110253765789,17.43252588031086,-0.25752606192992367,1
93,8627965,8628005,17.45529931500164,17.51365625140461,-1.0,41
93,8628007,8628060,17.51507958843914,17.591940186951486,-1.0,54
93,8628129,8628211,17.68872753765789,17.806864991638985,-0.5214549535674865,83
93,8628299,8628406,17.93069579937664,18.084416749451485,-0.7545827968350646,108
93,8628453,8628494,18.14989062359539,18.20967089984211,-1.0,42
93,8628578,8628912,18.327808348204766,18.804628175232736,0.21179023252313303,335
93,8628929,8629097,18.827401609923516,19.067946534607735,-0.9870751597801525,169
93,8629137,8629255,19.123456785704764,19.292834718201483,-0.5637624983420281,119
93,8629373,8629562,19.45936572125164,19.72980078265461,0.6910660967579985,190
93,8629584,8629643,19.759691160704765,19.845091554138985,-1.0,60
93,8629663,8629740,19.87213525250164,19.98315576312336,-0.6194186948329554,78
94,8696297,8696305,-19.99985058734211,-19.98704052593914,-1.0,9
94,8696350,8696396,-19.924413331482736,-19.857516356017264,-0.7469784400455667,47
94,8696488,8696668,-19.72799218890461,-19.470366941954765,1.0,181
94,8696702,8696759,-19.423396729920235,-19.34084277203289,-0.595315860923679,58
94,8696887,8696981,-19.160078370545236,-19.02486083843914,-0.8988509000155468,95
94,8696997,8697298,-19.00351074359211,-18.57366113140789,0.2014643529801254,302
94,8697428,8697501,-18.390050050232734,-18.28472265484539,-0.6799577415056679,74
94,8697552,8697616,-18.213555421326486,-18.121038328673514,-1.0,65
94,8697706,8697944,-17.99436084124836,-17.654181883361016,0.4775537954414351,239
94,8698042,8698135,-17.51611767718586,-17.382323484923514,-0.372605801139702,94
94,8698154,8698244,-17.35670312640461,-17.227178953673516,-0.2048561723454798,91
94,8698282,8698380,-17.174515382263984,-17.03360449078289,-0.0831614826718128,99
94,8698394,8698440,-17.01510107562336,-16.948203856017265,-0.6473983537261616,47
94,8698567,8698626,-16.76886279437336,-16.683462156798516,0.2711267130119446,60
94,8698628,8698897,-16.682038819763985,-16.29773632672039,0.2711267130119446,270
94,8698956,8699081,-16.215182374451484,-16.03584130718914,-0.9255031308934103,126
94,8699300,8699346,-15.725552491638984,-15.658655516173514,-0.4256832696342137,47
94,8699421,8699777,-15.55332812640461,-15.04519482281414,-0.17612243156221974,357
94,8699839,8699893,-14.958370851013985,-14.88008691265789,-1.0,55
94,8699905,8699947,-14.86443017718586,-14.80322656109539,-0.7562926465313919,43
94,8699986,8700390,-14.749139405701484,-14.172685789611014,0.2196666447547351,405
94,8700450,8700550,-14.08870849749836,-13.944950926329765,-0.43750442215853325,101
94,8700623,8700707,-13.84247021624836,-13.721486082579766,-1.0,85
94,8700769,8700927,-13.63466211077961,-13.40835058453289,-0.49259434685494513,159
94,8700973,8701006,-13.34430029437336,-13.29590673687664,1.0,34
94,8701009,8701173,-13.29306005999836,-13.05820849468914,1.0,165
94,8701197,8701237,-13.025471436951484,-12.967114500548515,-0.19993640535317278,41
94,8701321,8701430,-12.84897705218586,-12.692409422423514,0.11951464184354058,110
94,8701456,8701629,-12.65682568499836,-12.40916406109539,-0.2642178687944803,174
94,8701646,8701690,-12.38639062640461,-12.32234033062664,-0.7030011264302578,45
94,8701767,8702048,-12.214166261170234,-11.81278369000164,-0.4408815854040261,282
94,8702081,8702202,-11.767236573670235,-11.59358886578289,1.0,122
94,8702204,8702209,-11.59216552874836,-11.58362548687664,1.0,6
94,8702239,8702289,-11.542348390076485,-11.469758055236015,0.3036093138515027,51
94,8702305,8702348,-11.448407960388986,-11.38578076031414,-0.46744481862230636,44
94,8702367,8702413,-11.36016064593586,-11.293263426329766,-0.746152527311475,47
94,8702468,8702520,-11.216403077576485,-11.14096581890789,-0.6839983825313828,53
94,8702557,8702603,-11.08972558734211,-11.022828367736015,-0.8973144999521523,47
94,8702663,8702728,-10.938851319763986,-10.84491064312664,-0.3126439437739275,66
94,8702790,8702790,-10.758086671326485,-10.756663328673515,0.7329730920293934,1
94,8702792,8702968,-10.755239991638986,-10.503308348204765,0.7329730920293934,177
94,8703024,8703097,-10.42502441546711,-10.31969726422039,0.0,74
94,8703130,8703236,-10.274150147888985,-10.12185253765789,-0.1848062413082258,107
94,8703318,8703381,-10.006561768982735,-9.91546777203289,1.0,64
94,8703383,8703468,-9.91404443499836,-9.791636961486015,1.0,86
94,8703582,8703675,-9.63079931781086,-9.497005125548515,-0.7642240101909926,94
94,8703866,8703916,-9.226570069763985,-9.15397949078289,-0.45229214228163594,51
94,8703985,8704053,-9.057192140076484,-8.958981688048516,0.09686253231616056,69
94,8704132,8704239,-8.84796093890461,-8.69423974468914,-0.661661719927731,108
94,8704287,8704366,-8.62734277484211,-8.513475340392265,-0.4455415479839544,80
94,8704438,8704566,-8.41241797015461,-8.228806883361015,0.4505773175665901,129
94,8704568,8704669,-8.227383546326484,-8.082202391173515,0.4505773175665901,102
94,8704777,8704870,-7.92990478656086,-7.796110594298515,-0.3267520462924857,94
94,8704935,8705018,-7.70501660296711,-7.585455809142265,-0.5393245887170095,84
94,8705146,8705203,-7.40469140765461,-7.322137449767265,-0.5098849574871008,58
94,8705243,8705398,-7.266627198670235,-7.044585691954765,0.7108564777332899,156
94,8705486,8705557,-6.92075488421711,-6.818274168517265,0.3940962143813274,72
94,8705695,8706018,-6.62327636859211,-6.16211327984539,0.6138370721904783,324
94,8706053,8706129,-6.11371972796711,-6.004122313048515,-0.28342089762962325,77
94,8706144,8706259,-5.98419531390461,-5.819087645079765,-0.9497302914299794,116
94,8706281,8706355,-5.789197511170235,-5.68244677593914,-0.9707558172008737,75
94,8706396,8706511,-5.62551318499836,-5.46040527203289,-1.0,116
94,8706528,8706602,-5.43763183734211,-5.330881102111015,-0.955009142881743,75
94,8706626,8706673,-5.298144288513985,-5.22982372906414,-0.22157245499253694,48
94,8706720,8706812,-5.16435009906086,-5.031979246642265,-1.0,93
94,8706859,8706940,-4.96650537249836,-4.849791258361015,0.2972287872681685,82
94,8706942,8707112,-4.848367921326485,-4.604976316954765,0.2972287872681685,171
94,8707128,8707176,-4.583626222107735,-4.513882566954765,-0.47262806742276425,49
94,8707339,8707429,-4.283301026795235,-4.15377685406414,-0.576372675966743,91
94,8707569,8707633,-3.95593213031086,-3.863414793517265,0.36296282183422784,65
94,8707772,8708002,-3.66699365374836,-3.338201414611015,0.743344091652083,231
94,8708030,8708080,-3.299771241638985,-3.22718066265789,0.12499228883176593,51
94,8708181,8708332,-3.084846436951485,-2.868498289611015,0.07954093840753124,152
94,8708352,8708403,-2.841454835388985,-2.76744091656414,-1.0,52
94,8708503,8708619,-2.626530030701485,-2.45999902203289,-0.49816047534124336,117
94,8708651,8708700,-2.41587548968586,-2.344708250548515,-1.0,50
94,8708794,8708928,-2.21233740374836,-2.02018603375164,1.0,135
94,8709027,8709086,-1.880698487732735,-1.795298094298515,-0.8370334108231468,60
94,8709225,8709335,-1.598876710388985,-1.4408857407828901,-0.9343643780799685,111
94,8709488,8709625,-1.22453759906086,-1.02811620953289,1.0,138
94,8709759,8709806,-0.838811768982735,-0.7704912095328901,-0.041263339652045865,48
94,8709933,8710031,-0.591150147888985,-0.4502392564078901,-0.7888203144188027,99
94,8710123,8710194,-0.3207150892952349,-0.21823437359539008,-0.3001207465439566,72
94,8710247,8710414,-0.14422046038898492,0.09490112445148494,1.0,168
94,8710564,8710647,0.30697900250164006,0.4265397963264849,-0.41679596215667414,84
94,8710727,8710960,0.53898388531414,0.872046143982735,0.44169139512757555,234
94,8711085,8711129,1.04854052593914,1.112591065857735,-0.45803783635050127,45
94,8711131,8711153,1.114014402892265,1.146751222107735,-0.45803783635050127,23
94,8711218,8711411,1.23784521343914,1.51397363421711,-0.29236504086561993,194
94,8711426,8711576,1.53390038922039,1.74882519671711,1.0,151
94,8711670,8711795,1.881196043517265,2.060537354920235,-0.9112078647434446,126
94,8711811,8711859,2.081887449767265,2.151631104920235,-0.7479543300366029,49
94,8711894,8711975,2.20002490093914,2.316739015076485,-0.3570238336726621,82
94,8712146,8712213,2.558707273986015,2.655494386170235,-1.0,68
94,8712260,8712309,2.72096826031414,2.79213525531086,-0.7912613948894875,50
94,8712400,8712581,2.92023632672039,3.17928466937336,0.980655206173323,182
94,8713113,8713163,3.93507958843914,4.00766992327961,-1.0,51
94,8713252,8713364,4.132924070861015,4.293761964295235,-0.05203746626872433,113
94,8713503,8713534,4.4901831040641405,4.535730226013985,-0.10292870456608298,32
94,8713536,8713801,4.537153563048515,4.91576269671711,-0.10292870456608298,266
94,8713988,8714033,5.18050439312664,5.24597802874836,-0.17103930112957524,46
94,8714142,8714214,5.39969921734539,5.50360302874836,-0.21425966157230497,73
94,8714381,8714665,5.7398779282828905,6.14553076312336,0.3776015736093272,285
94,8714737,8714848,6.24658788922039,6.40600244281086,-0.09420465408530265,112
94,8714891,8714960,6.46578271343914,6.565416749451485,-0.5708770380657253,70
94,8715099,8715157,6.761838133361015,6.845815186951485,-0.3911827061491851,59
94,8715219,8715287,6.93263915875164,7.030849854920235,-0.40078212843474487,69
94,8715491,8715533,7.319788328673515,7.38099218890461,-1.0,43
94,8715831,8715897,7.803724852111015,7.89908886859211,-0.43248717385133134,67
94,8715925,8715981,7.93751904156414,8.018649659607735,-0.5914990367688464,57
94,8716257,8716310,8.41006884625164,8.486929444763986,-0.45457681248917337,54
94,8716327,8716387,8.509702879454766,8.596526612732735,-0.25093301757323977,61
94,8716542,8716620,8.815721434142265,8.92816552874836,-1.0,79
94,8716677,8716739,9.007872801329764,9.097543214295236,-0.6372132671400159,63
94,8716888,8717119,9.308197996642265,9.63841357562336,0.3998763305981045,232
94,8717121,8717122,9.63983691265789,9.64268359515461,0.3998763305981045,2
94,8717259,8717324,9.836258055236016,9.930198731873359,-0.7365362087756322,66
94,8717711,8717759,10.479609129454765,10.549352784607734,-0.42389463077615197,49
94,8717819,8717865,10.63333007672039,10.70022705218586,-0.6527547791486005,47
94,8717889,8717932,10.732964109923515,10.795591065857735,-0.4553484446135398,44
94,8718094,8718144,11.024749266173515,11.09733984515461,-0.15905370565318297,51
94,8718223,8718322,11.208360594298515,11.35069482562336,0.16961068603835294,100
94,8718324,8718328,11.35211816265789,11.35923486468586,0.16961068603835294,5
94,8718347,8718540,11.38485497906414,11.66098339984211,1.0,194
94,8718556,8718601,11.68233349468914,11.747807374451485,-1.0,46
94,8718636,8718693,11.796200926329766,11.87875488421711,-0.8031116294176533,58
94,8718710,8718792,11.90152831890789,12.019665772888985,-0.4839191446996896,83
94,8718906,8718991,12.18050341656414,12.302910890076484,-0.13322682693982676,86
94,8719038,8719236,12.36838476422039,12.65162988421711,0.046987393205947185,199
94,8719356,8719397,12.82100781109539,12.88078808734211,-0.37405275287756296,42
94,8719444,8719515,12.946261961486014,13.048742433045234,-0.8195264053714281,72
94,8719518,8719628,13.051589109923516,13.209580323670234,-0.8195264053714281,111
94,8719757,8720053,13.39176806500164,13.81450097796711,0.7841157412450686,297
94,8720055,8720070,13.81592431500164,13.83869775531086,0.7841157412450686,16
94,8720110,8720164,13.89420800640789,13.972491944763984,-0.399075808785199,55
94,8720333,8720450,14.211613523986015,14.37956787249836,-1.0,118
94,8720500,8720719,14.449311766173516,14.762447022888985,0.6046436827436485,220
94,8720721,8720746,14.763870359923516,14.80087744281086,0.6046436827436485,26
94,8720789,8720839,14.86065771343914,14.933248292420235,0.14999599804270353,51
94,8720857,8720918,14.957445066954765,15.04569238421711,-0.3974051817965893,62
94,8720978,8721026,15.12966943218914,15.199413331482734,-0.14783665037283936,49
94,8721118,8721178,15.32893749859539,15.415761476013985,0.3135505170255631,61
94,8721202,8721257,15.448498289611015,15.528205323670235,1.0,56
94,8721260,8721444,15.531052000548515,15.79437060687336,1.0,185
94,8721483,8721588,15.84845751812664,15.999331788513985,-0.2457632137787397,106
94,8721655,8721761,16.09327245953289,16.245570069763986,-0.9709023042302745,107
94,8721773,8721859,16.261226805236014,16.38505761859211,-1.0,87
94,8722038,8722130,16.63841259625164,16.770783448670237,-0.5183354805991139,93
94,8722179,8722447,16.83910400250164,17.221983155701484,0.35936604892260704,269
94,8722450,8722504,17.224829832579765,17.30311377093586,0.35936604892260704,55
94,8722624,8722812,17.472491453673516,17.741503175232737,-0.07197112742689311,189
94,8723016,8723079,18.03044189312664,18.12153564593586,-0.6743863205753767,64
94,8723213,8723358,18.31084033062664,18.51864843890461,1.0,146
94,8723445,8723509,18.641055906798513,18.733572999451486,0.1472797641611423,65
94,8723624,8723676,18.895834227111013,18.971271241638984,0.13347393431765325,53
94,8723688,8723736,18.986927977111016,19.05667187640461,-0.6417118127663852,49
94,8723810,8723997,19.160575926329766,19.428164308045236,0.9824453976946017,188
94,8724019,8724067,19.458054441954765,19.52779834124836,-0.056086952998095456,49
94,8724080,8724218,19.54487841656414,19.74272314593586,-0.4165380397439209,139
94,8724259,8724291,19.79965673687664,19.84662695452961,-0.4273451258368177,33
94,8724293,8724317,19.84805029156414,19.883634034607734,-0.4273451258368177,25
